0	0
0	12
0	16
0	1
0	10
0	17
0	2
0	7
0	14
0	8
1	22
1	19
1	23
1	27
1	18
1	28
1	24
1	31
1	26
2	42
2	34
2	41
2	35
2	49
2	36
2	43
2	51
2	44
2	50
3	63
3	55
3	65
3	67
3	66
3	62
3	54
3	68
3	69
3	61
4	71
4	82
4	70
4	84
4	83
4	86
4	78
4	76
4	85
4	72
5	89
5	91
5	96
5	97
5	87
5	94
5	93
6	100
6	104
6	98
6	112
6	103
6	108
6	106
6	107
6	114
6	113
7	115
7	117
7	120
7	127
7	121
7	128
7	129
7	118
7	122
7	116
8	138
8	140
8	149
8	139
8	137
8	142
8	144
8	143
8	147
8	146
9	168
9	157
9	167
9	165
9	158
9	161
9	162
9	164
9	166
9	156
10	170
10	169
10	182
10	180
10	184
10	179
10	177
10	172
10	178
10	181
11	195
11	191
11	187
11	196
11	186
11	194
11	193
12	203
12	200
12	205
12	204
12	210
12	201
12	65
12	213
12	212
12	207
13	223
13	231
13	219
13	226
13	230
13	229
13	224
13	232
13	215
13	225
14	235
14	248
14	239
14	240
14	249
14	241
14	236
14	246
14	238
14	237
15	262
15	265
15	263
15	261
15	260
15	254
15	267
15	256
15	264
15	253
16	283
16	280
16	278
16	270
16	273
16	281
16	272
16	284
16	279
16	277
17	285
17	296
17	298
17	292
17	286
17	287
17	302
17	294
17	301
17	295
18	307
18	311
18	315
18	308
18	304
18	313
18	305
18	303
19	316
19	324
19	24
19	330
19	321
19	328
19	329
19	322
19	319
20	332
20	337
20	313
20	313
20	334
20	339
20	341
21	353
21	347
21	344
21	350
21	358
21	349
21	348
21	356
21	357
21	342
22	363
22	362
22	365
22	362
22	368
22	366
23	313
23	381
23	369
23	378
23	383
23	377
23	385
23	374
23	380
23	370
24	390
24	386
24	393
24	388
24	396
24	392
24	387
25	402
25	398
25	407
25	405
25	403
25	404
25	401
26	412
26	426
26	415
26	411
26	409
26	419
26	418
26	417
26	422
26	423
27	435
27	430
27	431
27	432
27	427
27	428
27	429
28	441
28	453
28	450
28	445
28	446
28	443
28	454
28	442
28	451
28	444
29	457
29	462
29	465
29	456
29	463
29	458
29	467
29	460
29	468
30	485
30	475
30	488
30	481
30	473
30	478
30	480
30	483
30	474
30	472
31	503
31	501
31	499
31	495
31	506
31	493
31	505
31	491
31	504
31	490
32	512
32	516
32	517
32	511
32	520
32	522
32	509
32	523
32	519
33	529
33	528
33	541
33	524
33	536
33	535
33	539
33	533
33	531
33	530
34	542
34	549
34	548
34	551
34	556
34	545
34	557
34	553
34	552
34	550
35	292
35	561
35	565
35	569
35	562
35	567
35	571
35	559
35	560
36	582
36	584
36	580
36	585
36	586
36	587
36	579
36	577
36	588
36	583
37	606
37	598
37	604
37	600
37	603
37	601
37	594
37	597
37	605
37	591
38	619
38	624
38	615
38	613
38	622
38	618
38	610
38	611
38	621
38	485
39	630
39	638
39	639
39	640
39	629
39	631
39	636
39	633
39	634
39	628
40	655
40	657
40	656
40	648
40	643
40	649
40	509
40	651
40	647
40	645
41	667
41	659
41	662
41	668
41	663
41	670
41	664
41	660
41	675
41	671
42	678
42	688
42	676
42	685
42	682
42	680
42	684
42	690
42	687
42	683
43	694
43	696
43	692
43	313
43	702
43	693
43	698
43	695
43	700
43	707
44	708
44	723
44	720
44	715
44	714
44	713
44	718
44	716
44	711
44	722
45	743
45	735
45	732
45	738
45	741
45	739
45	727
45	740
45	729
45	726
46	747
46	753
46	746
46	758
46	744
46	756
46	751
46	745
46	749
46	757
47	761
47	292
47	766
47	769
47	767
47	768
47	772
47	765
48	789
48	785
48	778
48	783
48	776
48	756
48	790
48	774
48	782
48	775
49	797
49	804
49	802
49	800
49	806
49	798
49	799
49	791
49	796
49	805
50	819
50	810
50	817
50	313
50	818
50	811
50	820
50	815
51	831
51	822
51	836
51	834
51	835
51	828
51	827
51	838
51	837
51	826
52	848
52	846
52	843
52	854
52	847
52	839
52	853
52	313
52	852
52	840
53	868
53	869
53	400
53	864
53	866
53	857
53	858
53	863
53	856
54	884
54	882
54	876
54	886
54	879
54	880
54	875
54	872
54	883
54	881
55	890
55	898
55	894
55	887
55	895
55	896
55	903
55	902
55	891
55	892
56	613
56	912
56	911
56	918
56	906
56	908
56	916
56	914
56	909
56	915
57	400
57	920
57	926
57	927
57	405
57	924
57	922
57	400
57	931
57	919
58	939
58	943
58	935
58	933
58	938
58	937
58	949
58	940
58	945
58	944
59	954
59	959
59	960
59	956
59	953
59	955
59	957
60	970
60	967
60	972
60	968
60	965
60	974
60	977
60	973
60	969
61	991
61	980
61	987
61	985
61	983
61	986
61	981
61	978
61	984
62	1001
62	997
62	1003
62	1005
62	999
62	993
62	370
62	1004
62	1002
62	1000
63	1009
63	431
63	1008
63	89
63	1014
63	1013
64	1026
64	1029
64	1021
64	1017
64	1025
64	1027
64	1024
64	1028
64	1023
65	361
65	1043
65	1040
65	1033
65	1036
65	1032
65	1042
65	1031
65	1037
66	1050
66	1045
66	1051
66	1047
66	340
66	1044
66	1052
67	1063
67	1066
67	1060
67	1062
67	1057
67	1061
67	1070
67	1054
67	1058
67	1067
68	1078
68	1076
68	1079
68	1080
68	1073
68	1071
69	1089
69	1083
69	1084
69	1085
69	1096
69	1093
69	1097
69	1091
69	1086
69	1098
70	1101
70	1111
70	1108
70	1103
70	1112
70	1106
70	1105
70	1099
70	1113
71	1123
71	1116
71	1121
71	313
71	1125
71	1124
71	1119
71	1126
71	1120
71	924
72	1137
72	1130
72	1132
72	1133
72	1131
72	1136
72	1140
72	312
72	1128
72	1139
73	1147
73	76
73	1003
73	1148
73	1152
73	1149
73	1150
73	1143
73	1146
74	1163
74	1158
74	1161
74	1157
74	1155
74	1165
74	1156
74	467
74	1162
75	340
75	1167
75	1170
75	1169
75	1171
75	430
75	1176
75	1172
75	1177
76	1189
76	1195
76	1187
76	1194
76	1190
76	1181
76	1193
76	1188
76	1179
76	1191
77	1212
77	1198
77	1209
77	47
77	1207
77	1208
77	1202
77	1205
77	1204
77	1201
78	1220
78	1213
78	400
78	1215
78	1221
78	1225
78	1224
78	1223
78	1216
78	1218
79	1236
79	1105
79	1243
79	1235
79	1240
79	1229
79	1241
79	1228
79	1230
79	1239
80	1247
80	1246
80	1248
80	1251
80	1257
80	1245
80	1254
80	1249
80	1252
81	1259
81	1261
81	1265
81	1267
81	340
81	1264
81	1263
82	1269
82	1276
82	1275
82	1274
82	1268
82	1272
82	1278
83	1285
83	1294
83	1291
83	1280
83	1286
83	1293
83	1287
83	1283
83	467
83	428
84	1303
84	1302
84	1300
84	1309
84	1304
84	1308
84	1299
84	1307
84	1301
84	28
85	1324
85	1315
85	59
85	1325
85	1322
85	1319
85	313
85	1320
85	1312
85	1313
86	1328
86	1337
86	1336
86	1330
86	1338
86	1326
86	1332
86	1331
86	1341
87	1357
87	1347
87	1353
87	1349
87	1344
87	1342
87	1350
87	1343
87	1356
87	1354
88	1363
88	1371
88	1368
88	1375
88	1364
88	1369
88	1373
88	1358
88	1370
88	1360
89	1392
89	1390
89	1386
89	1379
89	1377
89	1393
89	1381
89	1383
89	1391
89	1380
90	1404
90	1400
90	1405
90	1396
90	1403
90	1406
90	1401
90	1407
90	1411
90	1397
91	1415
91	1420
91	1425
91	1419
91	1421
91	1423
91	1424
91	1414
91	1418
92	1435
92	1433
92	1431
92	1434
92	1365
92	1437
92	1436
92	1430
93	1445
93	1447
93	1442
93	1448
93	1451
93	1452
93	1439
93	340
93	1444
94	1458
94	1455
94	1460
94	1468
94	1456
94	1469
94	1467
94	1461
94	1454
94	1453
95	1471
95	1475
95	1476
95	1480
95	1478
95	1474
95	1479
95	1482
96	1499
96	1492
96	1488
96	1491
96	721
96	1494
96	1485
96	1496
96	1484
96	1497
97	1505
97	1502
97	340
97	400
97	1508
97	1504
97	1501
97	1506
98	1514
98	467
98	1519
98	1515
98	1518
98	1517
98	340
98	1217
98	282
99	1532
99	400
99	1533
99	1531
99	1529
99	1524
99	1521
99	967
99	313
99	1530
100	1538
100	313
100	1539
100	1540
100	1543
100	1546
100	1545
100	1535
100	1541
100	1544
101	1555
101	1562
101	1561
101	312
101	1558
101	1557
101	1566
101	1567
101	1563
101	1554
102	1573
102	1578
102	1571
102	1570
102	1579
102	1580
102	1568
102	1575
102	1576
103	1593
103	1583
103	1587
103	1586
103	1273
103	1590
103	1591
103	1584
103	1581
104	1603
104	1608
104	1605
104	1610
104	1597
104	1609
104	1601
104	1606
104	721
104	1611
105	1616
105	1620
105	1618
105	313
105	1623
105	1615
105	76
105	1612
105	1619
106	1634
106	1636
106	1638
106	1624
106	1630
106	1629
106	1632
106	1641
106	1635
106	1639
107	1650
107	1659
107	1644
107	1652
107	1656
107	1651
107	1657
107	1645
107	1653
107	1658
108	1665
108	1660
108	1111
108	1672
108	1663
108	1675
108	1664
108	1662
108	1673
108	1669
109	1686
109	1689
109	1684
109	1685
109	1678
109	1687
109	1688
109	1676
109	1683
109	1692
110	1696
110	1702
110	1704
110	1707
110	1709
110	1705
110	1703
110	1697
110	1699
110	1710
111	1720
111	1726
111	1724
111	1714
111	756
111	1723
111	1721
111	1727
111	1718
111	1725
112	1730
112	274
112	1733
112	1729
112	1731
112	1728
112	1736
112	917
112	313
113	1744
113	1750
113	1745
113	1743
113	1747
113	1748
113	1738
113	47
113	1740
113	1739
114	1761
114	1758
114	1763
114	1766
114	1764
114	1759
114	1765
114	1762
114	1760
115	1769
115	1770
115	1772
115	1775
115	1774
116	1778
116	1780
116	1777
116	1789
116	1792
116	1788
116	82
116	1779
116	1791
116	1790
117	1803
117	1793
117	1797
117	1800
117	1798
117	1804
117	1807
117	1794
117	1799
118	1809
118	1812
118	1809
118	1813
118	1817
118	310
118	1816
118	1818
118	1814
119	1827
119	1829
119	313
119	1821
119	1820
119	76
119	1823
119	1819
119	1822
120	1845
120	1837
120	1834
120	1838
120	1840
120	1835
120	1843
120	1842
120	1846
121	1850
121	1853
121	1864
121	1857
121	1849
121	1852
121	1854
121	1851
121	1856
121	1861
122	1880
122	1871
122	1873
122	1874
122	522
122	1870
122	1876
122	1879
122	1878
122	1868
123	1885
123	1895
123	1892
123	1887
123	1898
123	1891
123	1881
123	1890
123	1897
123	1896
124	1905
124	1909
124	1908
124	1910
124	1907
124	1911
124	1900
124	1145
124	1904
124	509
125	1923
125	1927
125	1924
125	1929
125	1928
125	1915
125	1922
125	1921
125	1917
125	1919
126	1936
126	1943
126	1931
126	1935
126	1930
126	428
126	1944
126	1939
126	1105
126	1938
127	1949
127	1950
127	1951
127	1945
127	1954
127	1959
127	1947
127	1960
127	1952
127	1957
128	1971
128	1965
128	1968
128	1974
128	1975
128	1970
128	1961
128	1972
128	1967
129	1980
129	400
129	1978
129	1985
129	1977
129	820
129	1774
129	1986
130	2003
130	2001
130	1997
130	2000
130	1995
130	312
130	1991
130	1989
130	1994
130	1990
131	2006
131	2014
131	312
131	2005
131	2012
131	2007
131	2015
131	2010
131	2013
131	2016
132	2035
132	2020
132	2032
132	756
132	2034
132	2028
132	2025
132	2024
132	2023
132	2021
133	2045
133	312
133	2049
133	2037
133	2043
133	2044
133	2046
133	509
133	2041
133	2047
134	2061
134	2058
134	1448
134	313
134	2052
134	2056
134	1448
134	2053
134	2057
135	304
135	2063
135	2072
135	2064
135	2062
135	2070
135	748
135	2068
135	1145
135	467
136	2074
136	2075
136	2083
136	2076
136	2084
136	2088
136	2090
136	2079
136	2089
136	537
137	2102
137	2095
137	2094
137	2096
137	2101
137	2091
137	76
137	2100
138	2118
138	2107
138	2115
138	2113
138	2105
138	2119
138	2106
138	2108
138	2104
138	2109
139	2131
139	2129
139	2134
139	2128
139	2121
139	2120
139	2122
139	2126
139	2132
139	2137
140	2153
140	2138
140	2141
140	2140
140	2148
140	2146
140	2150
140	2139
140	2145
140	2151
141	2155
141	2159
141	2163
141	2158
141	2162
141	2161
141	2154
141	2156
141	1951
142	2171
142	2168
142	2179
142	2174
142	2178
142	2170
142	2182
142	2173
142	2167
142	2175
143	2188
143	2189
143	2198
143	2199
143	2185
143	2200
143	2186
143	2193
143	2192
143	312
144	2208
144	2214
144	2205
144	2216
144	2217
144	2209
144	2212
144	2203
144	2219
144	2206
145	2226
145	2220
145	2223
145	2224
145	2225
145	2231
145	2230
145	2228
145	2222
145	2232
146	2243
146	2249
146	2250
146	2244
146	2252
146	2251
146	2242
146	2248
146	2254
146	2238
147	1908
147	2259
147	2261
147	2265
147	2256
147	2266
147	2260
147	2263
147	2268
148	2271
148	313
148	613
148	2276
148	2272
148	2270
148	2269
148	2274
148	762
148	2278
149	1332
149	2284
149	2286
149	2285
149	2292
149	2281
149	2289
149	2291
150	2294
150	2309
150	2300
150	2295
150	2299
150	2293
150	2297
150	2298
150	2305
150	2301
151	2318
151	2315
151	2324
151	2313
151	2320
151	2317
151	2314
151	2316
151	2319
151	2326
152	2339
152	1829
152	2340
152	2328
152	2333
152	2336
152	2332
152	2337
152	2335
152	313
153	2356
153	2343
153	400
153	2348
153	2345
153	2353
153	2342
153	2352
153	313
153	2354
154	2371
154	2361
154	2360
154	2368
154	2365
154	497
154	2372
154	2357
154	2367
154	2362
155	2387
155	2386
155	2374
155	2375
155	2377
155	59
155	2381
155	2382
155	2376
155	2373
156	312
156	2393
156	2395
156	2401
156	2396
156	2399
156	2397
156	2400
156	2403
156	2398
157	2413
157	2408
157	2411
157	2409
157	2407
157	467
157	2415
157	2406
157	389
158	2427
158	2420
158	2425
158	2417
158	363
158	2429
158	2423
158	2422
159	2442
159	2432
159	2445
159	2435
159	2430
159	2436
159	2431
159	2441
159	2437
159	2440
160	2458
160	2449
160	2457
160	2460
160	2461
160	2464
160	2459
160	2456
160	2454
160	2448
161	2473
161	2476
161	2481
161	2478
161	312
161	2475
161	2482
161	2471
161	2467
161	2480
162	2491
162	1248
162	2485
162	2492
162	2483
162	2487
162	2493
162	2488
163	762
163	2503
163	2495
163	2501
163	2502
163	2499
163	308
163	2496
163	2506
164	2510
164	2517
164	2521
164	626
164	2519
164	2511
164	2507
164	313
164	2514
164	2512
165	2530
165	2533
165	2522
165	2527
165	2526
165	2538
165	2528
165	2536
165	2532
165	2535
166	2552
166	2555
166	2553
166	2551
166	2556
166	2548
166	2543
166	2539
166	2547
166	2550
167	2563
167	2560
167	2561
167	2565
167	2566
167	2564
167	2559
168	2569
168	2578
168	2570
168	2574
168	766
168	2571
168	2577
168	216
168	2580
169	2591
169	2592
169	2585
169	313
169	2586
169	2584
169	2590
169	2593
169	1798
169	2582
170	2598
170	2607
170	1908
170	2606
170	649
170	2602
170	2600
170	2603
170	2599
171	313
171	1145
171	2608
171	1152
171	313
171	313
171	2609
171	2614
172	2622
172	2623
172	2624
172	312
172	2625
172	2619
173	2638
173	400
173	2637
173	2635
173	2631
173	2628
173	2639
173	2626
173	2630
174	340
174	2645
174	2641
174	2644
174	884
174	313
174	2649
174	2642
174	2646
175	2653
175	2657
175	2278
175	2655
175	2660
175	2658
175	2663
175	2661
176	2670
176	2668
176	2675
176	2679
176	2669
176	2674
176	2676
176	2667
176	2671
176	2666
177	2697
177	2690
177	2689
177	2688
177	2698
177	2682
177	2681
177	2684
177	2693
177	2691
178	2706
178	2715
178	2705
178	2710
178	2714
178	2713
178	2708
178	2702
178	2704
178	2712
179	2726
179	2731
179	2718
179	2724
179	2717
179	2716
179	2721
179	2729
179	2727
179	2722
180	2734
180	2733
180	2744
180	2737
180	2740
180	1355
180	2745
180	2735
180	2741
180	2746
181	2754
181	1909
181	2753
181	2755
181	2752
181	2760
181	2759
181	2758
181	2762
181	2750
182	495
182	2768
182	2772
182	274
182	467
182	2764
182	2766
182	2771
182	190
183	2773
183	2781
183	1909
183	2787
183	2778
183	2776
183	2782
183	2775
183	2786
183	2774
184	2792
184	2801
184	2794
184	2795
184	2800
184	2798
184	2799
184	467
184	2789
184	2791
185	2805
185	2815
185	2808
185	2819
185	2809
185	2806
185	2807
185	2804
185	2810
186	2829
186	2822
186	2831
186	2832
186	2824
186	2825
186	2820
186	2821
186	1908
187	2838
187	2846
187	2835
187	2847
187	2834
187	2841
187	2849
187	2842
187	2848
187	2837
188	2861
188	2854
188	2855
188	2856
188	2865
188	2851
188	2862
188	2863
188	2864
188	2867
189	2871
189	2877
189	756
189	2869
189	2881
189	2879
189	2168
189	2876
189	2873
189	2882
190	2886
190	766
190	1045
190	766
190	1506
190	1045
190	2152
190	2889
191	2893
191	374
191	2898
191	2896
191	2895
191	2897
191	363
191	1908
191	2894
192	2909
192	2911
192	2907
192	2908
192	2915
192	2904
192	2900
192	2914
192	2906
192	2912
193	2921
193	2919
193	2922
193	2918
193	2929
193	2924
193	312
193	2926
193	2486
193	2930
194	2938
194	2932
194	2931
194	2942
194	2936
194	2947
194	2945
194	2934
194	2935
194	2946
195	2962
195	2964
195	2961
195	2949
195	2960
195	2952
195	2950
195	2958
195	2948
195	2965
196	2966
196	2979
196	2975
196	2981
196	2978
196	2982
196	2976
196	2974
196	2977
196	2980
197	2997
197	2992
197	2998
197	2988
197	2993
197	2989
197	2986
197	2999
197	2995
197	2990
198	3002
198	3017
198	3016
198	3010
198	3013
198	3003
198	3011
198	3007
198	3005
198	3009
199	313
199	3020
199	3022
199	2768
199	3028
199	3024
199	739
199	3023
199	1217
200	3040
200	915
200	3033
200	467
200	3042
200	3039
200	3035
200	3034
201	3050
201	3054
201	3047
201	76
201	3043
201	3045
201	766
201	3052
201	3049
202	3069
202	3066
202	3057
202	3063
202	3065
202	3061
202	3071
202	3070
202	3072
202	3062
203	3077
203	3084
203	3083
203	3076
203	3080
203	3074
203	3082
203	3086
203	3087
203	3088
204	3092
204	3095
204	3097
204	3104
204	3100
204	3093
204	3091
204	3103
204	3101
204	3098
205	3123
205	3122
205	3117
205	3110
205	3107
205	3124
205	3113
205	3112
205	3116
205	3109
206	3125
206	3127
206	3129
206	3133
206	1343
206	3132
206	3130
206	313
206	3134
206	3131
207	3154
207	3150
207	3153
207	3151
207	3139
207	3143
207	3145
207	3146
207	3144
207	3152
208	3171
208	3164
208	3161
208	3158
208	3167
208	3162
208	3156
208	1218
208	3168
208	3160
209	3179
209	3176
209	3175
209	3177
209	3181
209	3187
209	3185
209	2635
209	3174
209	3183
210	3206
210	3199
210	3190
210	3191
210	2635
210	3192
210	3194
210	3204
210	3201
210	3197
211	3214
211	3207
211	3215
211	3213
211	3211
211	3208
211	509
212	3231
212	3233
212	3216
212	3226
212	3225
212	3219
212	3221
212	3218
212	3220
212	3228
213	2881
213	3245
213	2635
213	3235
213	3236
213	3243
213	3244
213	3238
213	3240
213	3241
214	3259
214	3250
214	3257
214	3258
214	3253
214	3249
214	3262
214	3255
214	3254
214	3260
215	3269
215	3275
215	3265
215	3263
215	3271
215	3268
215	2816
215	3278
215	3272
215	3270
216	3291
216	3292
216	3288
216	3287
216	3282
216	3284
216	3296
216	3290
216	3295
216	3289
217	3306
217	3311
217	3313
217	3305
217	3303
217	3307
217	3297
217	3308
217	3298
217	3300
218	3323
218	3329
218	3325
218	3328
218	3317
218	3330
218	3322
218	3326
218	3331
218	3327
219	3338
219	3339
219	3345
219	3346
219	3335
219	3340
219	3347
219	3337
219	3341
219	3349
220	3352
220	3355
220	967
220	3356
220	3351
220	3353
220	3363
220	3364
220	3358
220	3360
221	3375
221	340
221	3374
221	3373
221	3366
221	1264
221	3367
221	920
221	3368
222	3381
222	3379
222	3388
222	3386
222	3390
222	3380
222	3391
222	3385
222	3384
222	3382
223	3405
223	3395
223	3393
223	3399
223	3402
223	3406
223	3394
223	312
223	3404
223	3400
224	3411
224	1048
224	3408
224	3412
224	1448
224	3409
224	1264
225	3432
225	3417
225	3427
225	3422
225	3428
225	312
225	3429
225	3421
225	3433
225	3419
226	3439
226	3436
226	3442
226	3443
226	3440
226	3435
226	3434
226	1217
226	3438
227	3448
227	3456
227	3453
227	3454
227	1031
227	3455
227	467
227	3449
227	649
228	3458
228	3460
228	3471
228	3469
228	3470
228	3467
228	3466
228	3468
228	3463
228	3475
229	3451
229	3482
229	3477
229	3486
229	3483
229	991
229	3488
229	3485
229	2168
229	3481
230	89
230	3489
230	3496
230	3492
230	3491
230	3490
230	3494
231	3512
231	3507
231	3500
231	3508
231	3505
231	3511
231	3499
231	3501
231	3506
231	3509
232	3518
232	390
232	3519
232	390
232	3520
232	3516
232	390
232	3515
233	3529
233	3523
233	3530
233	2898
233	766
233	76
233	1192
233	884
233	3526
234	3543
234	3541
234	3542
234	3544
234	3545
234	3534
234	3540
234	3536
234	3537
235	1473
235	1573
235	3451
235	3548
235	3555
235	3554
235	3551
235	3553
236	3569
236	3566
236	3562
236	313
236	3558
236	3560
236	3568
236	3556
236	3564
236	2824
237	3575
237	3577
237	3582
237	3570
237	2657
237	3571
237	1756
237	3576
237	3573
237	3581
238	3585
238	3588
238	3597
238	3590
238	3583
238	3587
238	3591
238	3589
238	503
238	3586
239	3603
239	3604
239	3608
239	3606
239	3599
239	3602
239	1105
239	3607
239	3605
240	3610
240	3620
240	3621
240	3612
240	3615
240	3622
240	3613
240	3626
240	3611
240	3614
241	3629
241	3630
241	3642
241	3627
241	3643
241	3637
241	3644
241	3634
241	3639
241	3635
242	3648
242	3647
242	3652
242	3645
242	3651
242	3649
242	1593
243	3662
243	3665
243	3671
243	3661
243	3659
243	3670
243	3667
243	3658
243	3666
243	3655
244	3678
244	3676
244	3680
244	1217
244	1217
244	3675
244	3674
244	3679
245	3681
245	3691
245	3683
245	3690
245	3687
245	3688
245	3686
245	509
246	3693
246	3702
246	3695
246	3703
246	3580
246	3697
246	2278
246	3696
246	3700
246	3701
247	3713
247	613
247	2578
247	924
247	3710
247	3707
247	3709
247	3711
247	3714
248	3718
248	3722
248	3719
248	3716
248	1045
248	340
248	3717
249	3737
249	3741
249	3733
249	3736
249	3730
249	3740
249	3725
249	3734
249	3738
249	3735
250	3746
250	3744
250	3753
250	3745
250	1774
250	3742
250	3747
250	3750
250	3747
251	3761
251	3763
251	3766
251	3770
251	3762
251	3755
251	313
251	3756
251	3758
251	3759
252	3771
252	292
252	382
252	3781
252	3778
252	3772
252	3780
252	3773
252	3776
252	3775
253	3786
253	3788
253	3792
253	3785
253	3791
253	3789
253	1908
253	3798
253	3800
253	3795
254	3810
254	3805
254	1909
254	1041
254	3802
254	2260
254	3806
254	3804
254	366
255	3826
255	3813
255	3811
255	3815
255	3821
255	3822
255	3823
255	3817
255	3827
255	3819
256	3830
256	3828
256	3831
256	3833
256	3834
256	336
256	3835
256	1908
256	3836
257	3842
257	76
257	3843
257	3845
257	89
257	3837
257	1908
257	3841
257	1145
258	3846
258	3848
258	89
258	3851
258	3855
258	3857
258	3853
258	491
258	1192
259	3863
259	3157
259	3868
259	3859
259	1616
259	3867
259	2140
259	3864
259	3860
259	819
260	3874
260	3873
260	3876
260	3883
260	3882
260	3884
260	3872
260	3875
260	3886
260	3881
261	3899
261	3895
261	3892
261	313
261	3896
261	3891
261	3897
261	3893
261	3903
261	3900
262	3911
262	3905
262	3908
262	3907
262	2100
262	3906
262	3909
262	3904
262	3913
263	3923
263	3915
263	2340
263	3924
263	1105
263	3920
263	400
263	3919
263	23
264	3937
264	3935
264	3929
264	3939
264	3928
264	3933
264	3930
264	1355
264	3925
264	3932
265	3949
265	3953
265	3943
265	3947
265	313
265	3956
265	3944
265	340
265	3948
265	3954
266	3962
266	3974
266	3958
266	3971
266	3967
266	3970
266	3964
266	3959
266	3972
266	3973
267	3984
267	3978
267	3986
267	3985
267	3975
267	3979
267	766
267	3675
267	3981
268	3988
268	756
268	3989
268	3997
268	3987
268	3998
268	3996
268	3995
268	3994
268	112
269	4003
269	4011
269	4013
269	4007
269	76
269	4001
269	4015
269	4012
269	4009
269	3999
270	4026
270	4019
270	4030
270	4022
270	4027
270	4031
270	4023
270	4024
270	4032
270	4025
271	4039
271	4035
271	4043
271	4047
271	4037
271	4033
271	4041
271	4050
271	4046
271	4042
272	4056
272	390
272	4058
272	4053
272	4059
272	4057
272	4055
273	4066
273	4074
273	4063
273	920
273	4072
273	4065
273	4068
273	4075
273	4067
273	4073
274	4084
274	4087
274	4082
274	4081
274	4076
274	467
274	915
274	4085
274	4086
275	4100
275	4099
275	4092
275	4096
275	4103
275	4097
275	4088
275	4089
275	4102
275	4098
276	4114
276	4107
276	4104
276	363
276	4108
276	4106
276	4109
276	4113
276	4112
277	4118
277	4126
277	4116
277	4125
277	4127
277	4132
277	4120
277	4130
277	4119
277	4124
278	4135
278	4146
278	4140
278	4149
278	4136
278	4148
278	4134
278	4138
278	4143
278	4145
279	4159
279	4150
279	4162
279	4155
279	4163
279	4152
279	4158
279	4165
279	4166
279	4156
280	4174
280	4177
280	4178
280	4175
280	4180
280	4169
280	4172
280	4170
280	2577
280	4179
281	4194
281	4195
281	4188
281	4191
281	4186
281	4184
281	4192
281	4189
281	4197
281	4187
282	4201
282	4205
282	4212
282	4213
282	4214
282	4208
282	4204
282	4210
282	4203
283	4223
283	4230
283	4217
283	4225
283	467
283	4218
283	4229
283	4228
283	4216
283	4219
284	467
284	4231
284	4234
284	4232
284	4233
284	4238
285	4252
285	4240
285	4247
285	4241
285	4246
285	4251
285	4253
285	4256
285	4249
285	4243
286	1192
286	4257
286	4268
286	4261
286	4259
286	4270
286	4272
286	4264
286	4271
286	4266
287	4283
287	4280
287	4281
287	1217
287	4282
287	4277
287	4279
287	4275
288	1908
288	4291
288	4295
288	4288
288	4297
288	4292
288	748
288	4290
288	4287
288	4298
289	4312
289	4309
289	4307
289	4311
289	4310
289	4299
289	4300
289	4304
289	4306
289	4314
290	4328
290	4318
290	4325
290	4316
290	4324
290	4322
290	4317
290	4320
290	4321
290	4326
291	4348
291	4346
291	4341
291	4347
291	4339
291	4333
291	4334
291	4345
291	4344
291	4335
292	4353
292	4350
292	4357
292	4365
292	4359
292	4362
292	4349
292	4366
292	4363
292	4358
293	4379
293	4369
293	4378
293	4375
293	4373
293	4372
293	4368
293	4367
293	4371
294	4386
294	3451
294	4384
294	4383
294	4388
294	4392
294	4389
295	4396
295	4401
295	4402
295	4393
295	4394
295	4399
295	340
295	4400
295	4395
296	4413
296	4406
296	47
296	4408
296	4419
296	4416
296	4417
296	4407
296	1332
296	4405
297	1003
297	4420
297	4427
297	4425
297	4424
297	4422
297	4426
297	960
298	2824
298	4432
298	4429
298	4436
298	4437
298	4433
298	4431
298	2824
299	4446
299	4447
299	451
299	4440
299	4445
299	4443
299	4451
299	4453
299	4452
299	4450
300	313
300	4465
300	4458
300	4461
300	4460
300	3912
300	313
300	1145
300	4457
301	4473
301	4478
301	4479
301	4476
301	4472
301	4469
301	4471
301	4480
301	4482
301	4483
302	4491
302	4487
302	4484
302	4498
302	312
302	4486
302	4488
302	4493
302	4485
302	4497
303	4501
303	4517
303	4510
303	4507
303	4502
303	4515
303	4506
303	4513
303	4516
303	4514
304	4525
304	313
304	76
304	4526
304	4523
304	4524
304	4527
304	4519
305	4534
305	4532
305	4540
305	4528
305	4542
305	4544
305	4535
305	4533
305	4541
305	4545
306	4552
306	2264
306	4553
306	4551
306	82
306	4550
306	4554
307	4567
307	4563
307	4556
307	4559
307	4557
307	4562
307	4560
307	4561
307	313
308	1192
308	4573
308	3848
308	4571
308	4568
308	997
308	2260
309	4584
309	4581
309	4576
309	4574
309	4590
309	4578
309	4577
309	4583
309	4585
309	4586
310	4599
310	4604
310	4592
310	4608
310	4606
310	4597
310	4596
310	4609
310	4605
310	4601
311	4620
311	4612
311	4625
311	4610
311	4622
311	4616
311	4618
311	4626
311	4611
311	4619
312	4634
312	4627
312	4628
312	4635
312	4641
312	4642
312	4630
312	4632
312	4640
312	2443
313	4657
313	781
313	4655
313	4652
313	4658
313	4643
313	4650
313	4651
313	4647
313	4644
314	164
314	4667
314	4676
314	4668
314	4665
314	4661
314	4666
314	4672
314	4674
314	4660
315	4683
315	4678
315	4678
315	4682
315	4680
315	4685
316	4695
316	4697
316	4700
316	4694
316	4701
316	4699
316	4688
316	4687
316	4691
316	4689
317	1625
317	4715
317	4713
317	4714
317	329
317	4710
317	4712
317	2705
317	4705
317	4703
318	1233
318	4727
318	4726
318	4716
318	4721
318	1105
318	4723
318	4718
318	4725
319	4731
319	4735
319	4734
319	4743
319	4744
319	4733
319	4740
319	4742
319	4737
319	4738
320	4757
320	4749
320	76
320	4754
320	4750
320	4752
320	4755
320	537
320	4758
320	4760
321	1031
321	4774
321	4764
321	4772
321	4768
321	4771
321	4767
321	4775
321	4770
321	292
322	4778
322	4793
322	4786
322	4782
322	4780
322	4788
322	4789
322	4791
322	4792
322	4779
323	4797
323	4796
323	4795
323	4799
323	4798
323	4800
323	4807
323	4808
323	4805
323	4809
324	4810
324	4815
324	4814
324	4816
324	4812
324	4823
324	4824
324	4825
324	4818
324	4822
325	4837
325	4832
325	4838
325	4833
325	313
325	4840
325	4839
325	4828
325	4831
325	4829
326	4843
326	4847
326	4844
326	4853
326	4849
326	205
326	4846
326	4848
326	4852
327	4861
327	4860
327	2071
327	4863
327	4865
327	3490
327	4867
327	4864
327	389
327	4859
328	4885
328	4883
328	4877
328	4881
328	4882
328	4876
328	4878
328	4879
328	4871
328	4886
329	4897
329	4890
329	4887
329	4899
329	4889
329	4896
329	4893
329	4894
329	312
329	4902
330	4905
330	4917
330	1003
330	4909
330	4911
330	4913
330	4918
330	4916
330	4904
330	4908
331	4923
331	4928
331	4935
331	4932
331	4936
331	4930
331	4931
331	4934
331	4920
331	4926
332	313
332	4946
332	2585
332	4937
332	4939
332	4941
332	4684
332	363
332	4943
333	4949
333	4953
333	4959
333	4952
333	4950
333	4957
333	4962
333	4955
333	4956
333	4960
334	2168
334	4971
334	4965
334	4973
334	4974
334	4968
334	292
334	1192
334	4970
334	4963
335	4983
335	4977
335	1105
335	4980
335	4986
335	4979
335	4990
335	4988
335	4987
335	4981
336	4995
336	4993
336	4994
336	4991
336	613
336	3451
337	4998
337	5011
337	5007
337	5009
337	5013
337	5005
337	5000
337	5004
337	5008
337	5003
338	5022
338	5024
338	5015
338	5019
338	5025
338	5026
338	5017
338	5031
338	5029
338	537
339	5037
339	647
339	5035
339	467
339	1332
339	5042
339	5038
339	5032
339	5041
340	5051
340	5050
340	5054
340	5046
340	5044
340	5052
340	5056
340	5048
340	5043
340	59
341	5066
341	5073
341	5058
341	5065
341	5071
341	5059
341	5062
341	5067
341	5072
341	5061
342	1355
342	5075
342	5074
342	5080
342	5078
342	5082
342	1264
342	1809
342	1365
343	5094
343	5086
343	5097
343	5084
343	312
343	5083
343	5095
343	5089
343	5092
343	5093
344	5101
344	5103
344	5100
344	5102
344	5099
344	363
345	5116
345	5112
345	5106
345	5119
345	5114
345	5107
345	5117
345	5118
345	5108
345	5109
346	5122
346	5126
346	2661
346	5123
346	405
346	2573
346	5125
347	920
347	76
347	5143
347	5130
347	5141
347	5136
347	5134
347	5135
347	5131
347	5137
348	313
348	5159
348	5154
348	5148
348	2657
348	5156
348	5150
348	5146
348	5145
348	5152
349	5161
349	5162
349	884
349	2059
349	5167
349	5165
349	363
349	2892
350	5176
350	5169
350	5173
350	5172
350	5182
350	491
350	5183
350	5181
350	5168
350	5174
351	1593
351	5191
351	5187
351	5185
351	5189
351	5193
351	1332
351	5190
352	5203
352	5198
352	5209
352	5196
352	5206
352	5211
352	485
352	5205
352	5199
352	5200
353	1817
353	5221
353	5225
353	5218
353	5217
353	5214
353	5223
353	5213
353	5222
353	5224
354	5231
354	5228
354	363
354	5234
354	5230
354	5237
354	5236
354	5232
355	5242
355	5245
355	5247
355	5241
355	5244
355	1264
355	5243
355	5238
355	376
356	5261
356	1125
356	5258
356	5259
356	5252
356	5255
356	5262
356	924
356	5263
356	5264
357	5266
357	5271
357	5274
357	5267
357	2278
357	5268
357	5270
357	5272
358	5277
358	5280
358	76
358	313
358	5290
358	5285
358	5287
358	5276
358	5283
358	5282
359	1145
359	5291
359	5295
359	5292
359	5298
359	495
359	5293
359	5296
359	3197
359	5302
360	5307
360	5306
360	1145
360	5312
360	5310
360	5313
360	1145
361	5318
361	5329
361	5315
361	5326
361	5321
361	5316
361	5319
361	5317
361	1105
361	5323
362	5330
362	5334
362	5344
362	5341
362	5347
362	5346
362	5340
362	5332
362	5335
362	5345
363	5349
363	5357
363	76
363	5348
363	5356
363	1078
363	4605
363	3480
363	5355
364	5370
364	5362
364	5367
364	5364
364	5365
364	5369
364	5368
365	983
365	5374
365	5385
365	5382
365	5379
365	5377
365	47
365	5381
365	5380
365	5386
366	5387
366	5400
366	5398
366	5393
366	5399
366	5397
366	5396
366	5388
366	5391
366	5389
367	5408
367	5407
367	5410
367	5404
367	5415
367	1192
367	5414
367	5406
367	5401
367	5409
368	5416
368	5421
368	5419
368	363
368	5422
368	5420
369	5430
369	5438
369	5439
369	5427
369	5436
369	5424
369	5437
369	5428
369	5432
369	47
370	5451
370	5448
370	2340
370	5442
370	5446
370	5443
370	5441
370	5445
370	5452
370	5444
371	5467
371	5458
371	1125
371	5460
371	5463
371	5461
371	5464
371	5462
371	5468
371	1460
372	5478
372	5480
372	5473
372	5475
372	5479
372	5470
372	5474
372	5476
372	5469
373	5484
373	1769
373	5491
373	1775
373	5489
373	1332
373	5488
373	5483
373	5486
374	5497
374	5496
374	5502
374	5506
374	5505
374	5507
374	5509
374	5510
374	5503
374	5499
375	5519
375	5515
375	5525
375	5520
375	5522
375	82
375	5517
375	59
375	5516
375	5513
376	5535
376	5533
376	5538
376	5536
376	5527
376	5537
376	5528
376	5532
376	5543
376	5534
377	5550
377	5554
377	5553
377	5559
377	5551
377	5544
377	5557
377	82
377	5555
377	5558
378	5571
378	5565
378	5569
378	5561
378	5567
378	5564
378	292
378	1805
378	467
379	1908
379	5580
379	5578
379	5572
379	5577
379	5575
379	5576
379	5573
379	5583
380	2164
380	5597
380	5586
380	5593
380	5590
380	65
380	5596
380	5585
380	5587
380	5599
381	5615
381	5611
381	5613
381	5614
381	5603
381	5602
381	5607
381	5604
381	5606
381	5612
382	5623
382	82
382	5632
382	5625
382	5631
382	5619
382	3197
382	5629
382	5628
382	5630
383	5648
383	5635
383	5633
383	5638
383	5639
383	5649
383	5645
383	5641
383	5646
383	846
384	5651
384	2021
384	5658
384	5650
384	191
384	5654
384	5305
384	5653
384	2021
385	5665
385	5677
385	5661
385	5676
385	5669
385	5670
385	5674
385	5667
385	5672
385	5668
386	5689
386	1145
386	5685
386	5688
386	5687
386	5680
386	5684
386	5679
386	5682
387	5700
387	5699
387	1003
387	1041
387	76
387	312
387	5696
387	5694
387	5691
388	5713
388	5702
388	5714
388	5710
388	5708
388	313
388	5717
388	5711
388	5706
388	5704
389	5720
389	5726
389	1365
389	5723
389	340
389	5730
389	5731
389	1809
389	5729
389	5727
390	5744
390	5738
390	5737
390	5745
390	5742
390	5740
390	5064
390	5741
390	5735
391	216
391	4094
391	5759
391	2898
391	5756
391	5751
391	5753
391	5750
391	5757
391	5755
392	5776
392	5763
392	5770
392	5764
392	5772
392	5774
392	5771
392	5765
392	5766
392	5762
393	5778
393	5783
393	5780
393	5782
393	399
393	5788
393	5786
393	2816
393	5779
393	920
394	5795
394	76
394	5796
394	5791
394	5792
394	5802
394	5797
394	3893
394	1260
395	5807
395	5814
395	5815
395	5812
395	5813
395	5809
395	5808
396	5826
396	5824
396	5830
396	5822
396	5828
396	5823
396	5821
396	5819
396	5820
397	5836
397	5835
397	5838
397	3580
397	5841
397	5832
397	5834
397	920
397	5833
397	5837
398	5848
398	5857
398	5847
398	5849
398	5855
398	5860
398	5863
398	5852
398	5854
398	5859
399	5869
399	5867
399	5873
399	5866
399	5868
399	5877
399	5870
399	467
399	5874
399	5872
400	5880
400	5886
400	5881
400	5884
400	5893
400	5894
400	5895
400	5892
400	5887
400	5885
401	5903
401	5899
401	47
401	5905
401	5911
401	5909
401	5902
401	5901
401	5913
401	5907
402	5919
402	340
402	313
402	5916
402	5918
402	313
402	5917
402	5920
402	2258
403	5929
403	5926
403	5928
403	5927
403	1908
403	5269
403	2585
403	2273
403	5930
404	5940
404	5933
404	5941
404	5936
404	5937
404	5934
404	5938
405	5959
405	5953
405	5947
405	5952
405	5957
405	5951
405	5961
405	5960
405	5956
405	5954
406	5969
406	5966
406	5962
406	756
406	5964
406	5972
406	5963
406	5768
406	5967
406	5965
407	5986
407	5985
407	781
407	5984
407	5981
407	5983
407	996
407	5977
407	5987
408	5993
408	5995
408	5990
408	5998
408	5991
408	5994
408	6003
408	5996
408	5992
408	6001
409	6015
409	6018
409	6010
409	6019
409	6012
409	6009
409	6016
409	6011
409	6008
410	6021
410	6023
410	6028
410	6025
410	6024
410	6022
410	6020
410	6031
410	6027
410	6034
411	6040
411	6042
411	6045
411	6047
411	6046
411	6043
411	5250
411	6041
411	1105
412	1105
412	6050
412	6049
412	6058
412	6061
412	6056
412	6048
412	6051
412	6055
412	6062
413	6069
413	1625
413	6072
413	5876
413	6074
413	6071
413	6068
413	6070
413	6079
413	6077
414	6091
414	6083
414	6084
414	6085
414	6092
414	6088
414	312
414	6082
414	6094
414	6080
415	6107
415	6096
415	6099
415	6098
415	6105
415	6097
415	6111
415	2635
415	6106
415	6109
416	2282
416	1440
416	6114
416	6121
416	467
416	6118
416	6116
416	6112
417	6127
417	6125
417	6128
417	313
417	6131
417	6126
417	6135
417	6132
417	6130
418	1145
418	3450
418	467
418	6141
418	1145
418	1145
418	6139
418	6137
418	6142
418	1031
419	6160
419	6156
419	6153
419	6145
419	6159
419	6147
419	6154
419	6148
419	6157
419	6146
420	6161
420	6170
420	6177
420	6164
420	6168
420	6174
420	6162
420	6173
420	6167
420	6169
421	762
421	6191
421	6186
421	6180
421	6192
421	6184
421	6178
421	6187
421	6188
421	6189
422	6201
422	317
422	3848
422	6198
422	6200
422	6194
422	2415
422	6195
423	6207
423	6212
423	6208
423	6206
423	6205
423	6211
423	6215
424	1145
424	6226
424	6217
424	312
424	6227
424	6218
424	613
424	1365
424	6228
424	6219
425	6231
425	6243
425	6241
425	6245
425	6242
425	6230
425	6244
425	6235
425	6239
425	6237
426	6253
426	6255
426	6250
426	2821
426	6247
426	6248
426	6252
426	3451
426	6258
427	6265
427	6262
427	6268
427	6264
427	6261
427	6274
427	6275
427	6266
427	6260
427	6259
428	6276
428	6281
428	1908
428	6282
428	6279
428	1192
428	1908
428	1014
428	6277
429	6286
429	6290
429	6285
429	6298
429	6300
429	312
429	6294
429	6291
429	6287
429	6289
430	6302
430	6304
430	6308
430	6311
430	6307
430	6303
430	6305
430	6312
430	6313
430	313
431	6321
431	6322
431	6325
431	1273
431	6318
431	6320
431	6327
431	6323
431	6324
431	6326
432	6332
432	6330
432	2585
432	2264
432	1908
432	6329
432	436
433	6346
433	6349
433	6340
433	6348
433	6350
433	6347
433	6353
433	6337
433	6352
433	6339
434	6369
434	6362
434	6356
434	6360
434	6364
434	6354
434	6363
434	6370
434	6365
434	6357
435	6373
435	6387
435	6383
435	6375
435	6382
435	6377
435	2635
435	6385
435	6384
435	6386
436	6403
436	6399
436	6393
436	6394
436	6392
436	6395
436	6389
436	6388
436	6396
436	6391
437	6408
437	6405
437	6404
437	6407
437	6406
437	6410
438	363
438	3831
438	5250
438	6415
438	6413
438	6420
438	6412
439	6428
439	6438
439	6435
439	6432
439	6426
439	6437
439	6427
439	6434
439	6429
439	6433
440	6449
440	313
440	6441
440	6448
440	6450
440	2766
440	313
440	6445
440	313
440	6443
441	6462
441	6453
441	6452
441	6459
441	6460
441	6454
441	6466
441	6458
441	6464
441	6456
442	6478
442	6469
442	6472
442	6470
442	6477
442	6471
443	6482
443	739
443	390
443	6481
443	6485
443	3451
443	6480
443	6483
444	6499
444	6495
444	6489
444	6492
444	6494
444	6502
444	6497
444	6498
444	6490
444	6491
445	6506
445	6515
445	6519
445	6516
445	6510
445	6522
445	6512
445	6517
445	6521
445	6514
446	1285
446	2168
446	6532
446	6525
446	6533
446	6526
446	6524
446	6536
446	6534
446	6523
447	6545
447	6546
447	1192
447	6543
447	6538
447	6540
447	1145
447	6547
447	6551
448	6557
448	1804
448	6554
448	6560
448	6562
448	6563
448	6566
448	2110
448	6558
448	6559
449	6578
449	6577
449	6572
449	6575
449	6574
449	864
449	282
449	6571
449	6580
450	6584
450	6595
450	6589
450	6591
450	4833
450	6583
450	6593
450	6581
450	6588
450	6594
451	6597
451	1003
451	76
451	6605
451	6603
451	6604
451	6598
451	6602
451	6607
451	6600
452	6620
452	6615
452	6619
452	6611
452	400
452	6613
452	6622
452	756
452	6618
453	6628
453	6632
453	6633
453	6625
453	6630
453	6627
453	6624
453	6629
