0	4
0	13
0	6
0	11
1	33
1	25
1	32
2	45
2	47
2	40
2	39
3	57
3	60
3	56
3	52
4	80
4	79
4	77
5	95
5	88
6	111
6	102
6	110
7	131
7	130
7	126
7	125
8	148
8	141
8	133
8	136
9	163
9	153
9	159
9	152
10	173
10	174
10	183
11	197
11	198
11	192
12	214
12	208
12	202
13	217
13	216
13	221
13	227
14	243
14	187
14	244
14	233
15	252
15	259
15	266
15	255
16	282
16	274
16	271
17	293
17	290
17	289
17	300
18	310
18	309
18	306
19	327
19	317
19	318
20	331
20	336
20	338
21	346
21	351
21	343
21	354
22	360
22	367
23	375
23	382
23	379
23	373
24	395
24	390
24	389
25	397
25	399
25	400
26	421
26	416
26	414
26	420
27	437
27	434
28	439
28	449
28	440
28	438
29	461
29	471
29	466
30	484
30	486
30	477
30	482
31	498
31	497
31	502
31	494
32	515
32	508
32	513
33	534
33	532
33	525
33	526
34	547
34	543
34	555
35	563
35	568
35	566
36	576
36	575
36	578
36	574
37	595
37	596
37	592
37	608
38	614
38	612
38	616
39	641
39	635
39	642
39	626
40	644
40	653
40	652
41	673
41	661
41	669
42	313
42	677
42	681
43	701
43	697
43	706
44	717
44	721
44	710
44	725
45	731
45	730
45	734
45	736
46	755
46	760
46	750
47	762
47	771
47	763
48	787
48	780
48	786
48	777
49	803
49	793
49	808
49	807
50	814
50	813
50	809
51	823
51	824
51	829
51	825
52	849
52	845
52	841
52	842
53	859
53	861
53	867
54	874
54	885
54	873
55	889
55	899
55	888
55	904
56	467
56	907
56	913
57	930
57	921
57	923
58	942
58	947
58	941
58	936
59	961
59	958
60	966
60	964
60	976
61	467
61	992
61	979
62	998
62	994
62	376
63	1011
63	1015
64	374
64	1018
64	1016
65	1030
65	1038
65	1039
66	1045
66	1049
67	1053
67	1055
67	1065
67	1069
68	1074
68	1075
69	1088
69	1094
69	1082
69	1081
70	1102
70	1107
70	759
71	1127
71	312
71	1118
72	1142
72	1129
72	1138
73	810
73	1145
73	1151
74	781
74	1164
74	1159
75	1173
75	1168
75	1174
76	1192
76	1182
76	1178
76	1184
77	1196
77	1203
77	1210
77	1197
78	1214
78	1217
78	1222
79	1242
79	1231
79	1237
80	514
80	1253
80	1250
81	1259
81	1258
82	1269
82	1270
82	1271
83	1290
83	1292
83	781
83	1284
84	1306
84	1296
84	1310
84	1297
85	1316
85	1317
85	1321
86	1340
86	1329
86	1339
87	917
87	1348
87	1355
88	1362
88	1372
88	1366
88	1359
89	1378
89	1384
89	1376
89	1388
90	1394
90	1410
90	1399
90	1395
91	1416
91	996
91	1417
92	1428
92	1429
92	1438
93	1446
93	1440
93	1443
94	1462
94	1466
94	1457
94	1463
95	1481
95	1477
95	1483
96	1498
96	1495
96	1486
96	479
97	1507
97	1509
97	1500
98	1512
98	1516
98	1513
99	1525
99	1527
99	846
100	1549
100	1542
100	1550
100	1536
101	1552
101	1559
101	1564
101	1560
102	1577
102	1574
102	820
103	1595
103	1588
103	1585
104	1607
104	1600
104	1598
105	1614
105	1617
105	313
106	1633
106	1628
106	1631
106	1640
107	1648
107	1643
107	1654
107	1646
108	1666
108	1667
108	1674
109	1679
109	1693
109	1690
109	1682
110	1701
110	1698
110	1694
110	1706
111	1712
111	1722
111	1715
111	1716
112	1732
112	1735
112	1737
113	1751
113	1749
113	1741
113	1746
114	1756
114	1755
114	76
115	1776
115	1773
116	1786
116	509
116	1781
116	1782
117	1802
117	915
117	1805
118	1811
118	431
118	313
119	1828
119	1831
119	1832
120	1833
120	1125
120	1844
121	1863
121	1859
121	1855
121	1848
122	1867
122	1869
122	1872
122	1875
123	1893
123	1886
123	1888
123	1894
124	1903
124	1906
124	1899
125	1916
125	1913
125	1918
125	1925
126	1942
126	1932
126	313
126	1937
127	1948
127	1955
127	1958
127	1953
128	1962
128	1966
128	1964
129	1981
129	1984
129	1976
130	1996
130	1987
130	1992
130	1988
131	2017
131	2018
131	2009
132	2027
132	2022
132	2031
133	2051
133	2042
133	2040
133	2048
134	2059
134	1448
134	2060
135	2073
135	2069
135	2071
136	2080
136	2082
136	2087
136	2085
137	2098
137	2103
137	2097
138	2114
138	2110
138	2116
139	2123
139	2135
139	2127
139	2133
140	2140
140	2142
140	2149
141	2165
141	2160
141	2164
142	2180
142	2172
142	2176
142	2177
143	2191
143	2194
143	2190
143	2196
144	2211
144	2210
144	2207
144	2215
145	2229
145	2234
145	2236
145	2235
146	2253
146	2240
146	2245
146	312
147	2258
147	2264
147	2267
148	2277
148	1045
148	2279
149	2288
149	2283
149	2280
150	2302
150	2310
150	2308
150	2303
151	2321
151	2325
151	2323
151	2312
152	2334
152	2330
152	2329
152	2334
153	2355
153	2344
153	2351
154	2366
154	2359
154	2370
155	2385
155	2378
155	2380
156	2389
156	2402
156	2390
157	2414
157	2416
157	2410
158	2419
158	2421
158	2426
159	2434
159	2444
159	2438
159	2433
160	2465
160	2463
160	2453
160	2462
161	2479
161	2469
161	2468
161	2470
162	2490
162	1473
162	2486
163	2504
163	312
163	2494
164	496
164	2508
164	2518
164	2513
165	2525
165	2524
165	2523
165	47
166	2545
166	2544
166	2546
166	2540
167	2558
167	2557
167	2561
168	2575
168	2576
168	2573
169	2583
169	2588
169	2581
170	2601
170	2596
170	2605
171	2616
171	2610
171	2611
172	2621
172	2618
173	2632
173	2636
173	2634
174	2651
174	2643
174	2640
175	2652
175	2577
175	2659
176	2677
176	2664
176	2672
176	2678
177	2694
177	2695
177	2685
177	2687
178	2703
178	2711
178	2707
179	2728
179	2719
179	2732
179	733
180	2736
180	2748
180	1798
180	2743
181	374
181	997
181	1908
181	2749
182	2763
182	2770
182	1276
183	2779
183	2783
183	2777
184	2802
184	2803
184	2796
185	2818
185	2817
185	2811
186	2826
186	2830
186	2827
187	2844
187	2839
187	2843
187	2845
188	2852
188	2853
188	2866
188	2857
189	2874
189	2870
189	2878
190	2883
190	2885
190	2816
191	2891
191	2892
191	763
192	2917
192	2910
192	2902
192	2913
193	2927
193	1829
193	216
193	2920
194	2943
194	82
194	2939
194	2940
195	2953
195	2955
195	2956
195	2959
196	2967
196	2983
196	2969
196	2970
197	3000
197	2994
197	2996
197	2991
198	3004
198	3006
198	3018
198	3019
199	3027
199	3021
199	3030
200	3041
200	3037
200	3038
201	1731
201	3053
201	3046
202	3064
202	3055
202	3067
202	3068
203	3075
203	3089
203	983
203	3078
204	3106
204	3099
204	312
204	3096
205	3120
205	3119
205	3111
205	3115
206	3135
206	3136
206	3128
206	313
207	3142
207	3140
207	3148
207	3147
208	3169
208	3157
208	3170
208	3163
209	3184
209	3173
209	3189
209	3180
210	3196
210	3200
210	3202
210	3193
211	509
211	1900
211	1909
212	3222
212	3217
212	3229
212	3223
213	2034
213	3237
213	2034
214	3248
214	3261
214	3247
214	3256
215	3276
215	3273
215	3274
216	3285
216	3279
216	3286
216	3281
217	3304
217	3309
217	3310
217	3302
218	3320
218	3315
218	3321
218	3316
219	3334
219	3336
219	3344
219	3342
220	3362
220	3359
220	3354
221	3371
221	340
221	3372
222	2635
222	3376
222	3377
222	3387
223	3407
223	76
223	3396
224	3416
224	3410
225	3430
225	3420
225	3425
225	3418
226	3445
226	3444
226	3446
227	3452
227	1152
227	3457
228	3473
228	3459
228	3464
228	3472
229	3478
229	3487
229	3476
229	3479
230	613
230	1909
231	3510
231	3513
231	3504
231	3503
232	2100
232	1340
232	3521
233	3533
233	3525
233	3524
234	312
234	3539
234	3546
235	3549
235	1264
235	3550
236	3567
236	76
236	3557
236	313
237	1125
237	3578
237	3579
237	363
238	3584
238	3598
238	3593
238	3592
239	1078
239	3601
239	2100
240	3624
240	3618
240	3609
240	3616
241	3632
241	3640
241	3641
241	3636
242	3650
242	3653
243	3660
243	3654
243	3657
243	3668
244	467
244	1217
244	917
245	997
245	3684
245	3685
246	920
246	3699
246	3694
247	3708
247	920
247	3712
248	1105
248	3721
248	3715
249	3732
249	3731
249	3739
249	3729
250	3754
250	3743
250	3752
251	3765
251	3764
251	3757
251	313
252	3784
252	313
252	3782
253	3799
253	3787
253	3794
253	3796
254	3808
254	3807
254	3809
255	3825
255	3814
255	3820
255	3824
256	361
256	363
256	1908
257	3838
257	3839
257	82
258	3849
258	3847
258	3852
259	3869
259	3861
259	3866
260	3887
260	3877
260	3885
260	3871
261	3901
261	3902
261	3889
262	1145
262	3910
262	3912
263	3917
263	2891
263	3916
264	3941
264	3940
264	3938
264	3934
265	3950
265	3952
265	3942
266	3960
266	3963
266	3957
266	3969
267	3977
267	3983
267	3976
268	400
268	1951
268	3992
269	4014
269	4006
269	4008
269	4010
270	4021
270	4020
270	4018
270	4029
271	4038
271	4036
271	4044
271	4048
272	973
272	4054
272	4051
273	4070
273	4069
273	4061
274	4077
274	4080
274	2140
275	4101
275	313
275	2891
275	4091
276	1192
276	4110
276	4105
277	4117
277	4133
277	4121
277	4123
278	4144
278	4137
278	4147
279	4153
279	4160
279	4164
280	4173
280	2816
280	4181
281	4196
281	4185
281	4198
281	4199
282	4207
282	4202
282	4211
283	4221
283	4215
283	4220
283	76
284	4236
284	4237
285	4255
285	4245
285	4254
285	4244
286	4260
286	4263
286	4258
286	65
287	4274
287	4273
287	4146
288	4285
288	4296
288	4286
289	4303
289	3435
289	4302
289	4305
290	4329
290	4327
290	4331
290	4319
291	4336
291	4340
291	3197
291	65
292	4356
292	4364
292	4354
292	4361
293	4376
293	4370
293	4380
294	4387
294	4390
295	4397
295	1045
295	4403
296	4412
296	4411
296	4418
296	4410
297	4421
297	4423
297	313
298	4438
298	4435
298	3451
299	4439
299	4454
299	4441
299	4449
300	4459
300	4466
300	4464
301	4467
301	312
301	4477
301	4470
302	4489
302	4499
302	4496
303	4509
303	4511
303	4500
303	4504
304	1003
304	4520
304	4518
305	4537
305	4531
305	4538
305	4536
306	4547
306	4546
306	4555
307	1003
307	4565
307	4564
308	4570
308	4569
309	4579
309	4591
309	4580
309	4575
310	4598
310	4594
310	4593
310	4607
311	4617
311	4614
311	4613
312	4638
312	4629
312	4636
313	4653
313	4646
313	4649
313	4659
314	4662
314	4669
314	4664
314	4675
315	4681
315	3696
316	4686
316	4692
316	4690
316	4698
317	4709
317	4711
317	4708
318	4720
318	4722
318	4728
319	4741
319	4732
319	4746
320	4753
320	4756
320	4751
320	4762
321	4765
321	4766
321	3544
322	4776
322	4784
322	4787
322	4790
323	4803
323	4802
323	4801
324	4811
324	4821
324	2635
324	4820
325	4834
325	4842
325	4830
325	4827
326	4851
326	4216
326	4850
327	4866
327	4862
327	4868
328	4873
328	4875
328	4874
328	4884
329	4892
329	4903
329	4888
329	4900
330	312
330	4912
330	4914
331	4922
331	4924
331	4933
331	4927
332	4940
332	4944
332	4942
333	4951
333	4948
333	4947
333	4958
334	1152
334	467
334	4966
335	4985
335	4989
335	4984
335	4975
336	884
336	4992
337	5001
337	5010
337	312
337	4999
338	5023
338	5021
338	5027
338	5016
339	5033
339	5039
339	5034
340	5053
340	82
340	5045
341	5060
341	5057
341	5064
341	5068
342	431
342	5081
342	340
343	5098
343	5091
343	5096
343	5088
344	1152
344	374
345	292
345	5115
345	1031
345	5113
346	76
346	5120
346	5124
347	5142
347	5133
347	5129
348	5144
348	5149
348	5155
348	5158
349	1003
349	5160
349	313
350	5179
350	5171
350	76
350	5180
351	5194
351	5188
351	5192
352	5201
352	5204
352	5197
352	5202
353	5212
353	876
353	5219
353	5215
354	5229
354	5235
354	5233
355	5251
355	5246
355	5239
356	5265
356	5253
356	5257
357	1045
357	467
357	5273
358	5284
358	5281
358	5278
358	4832
359	5301
359	5299
359	5297
360	5308
360	5309
360	5311
361	5322
361	5324
361	5320
361	5327
362	5333
362	5331
362	5337
362	5342
363	5352
363	5353
363	5354
364	5371
364	5359
364	5360
365	5373
365	5384
365	5375
366	298
366	4204
366	5392
367	5405
367	5413
367	187
368	5417
368	5418
369	5434
369	5425
369	5433
370	5450
370	467
370	5440
371	5457
371	5459
371	5454
371	5466
372	1769
372	4457
372	5477
373	5492
373	5487
373	5493
374	5504
374	5498
374	5500
374	5511
375	5524
375	5512
375	83
376	5531
376	5530
376	5529
376	5542
377	5545
377	5548
377	5547
378	5570
378	5568
378	5562
379	5579
379	5582
379	5574
380	5598
380	5591
380	5589
380	5592
381	5609
381	5605
381	5600
381	5601
382	5621
382	5627
382	5622
383	5642
383	5637
383	5644
383	5647
384	5652
384	5655
384	5659
385	5675
385	5662
385	5666
386	5686
386	313
386	5681
387	5698
387	5701
387	5692
388	5705
388	5709
388	5716
388	5715
389	5728
389	5725
389	5724
389	5719
390	5736
390	5746
390	5732
391	5752
391	5758
391	1480
391	5760
392	756
392	5767
392	5773
392	5768
393	5787
393	5785
393	5789
394	5799
394	5793
394	5801
395	5811
395	5816
395	5810
396	5817
396	5818
396	5827
397	5845
397	5840
397	5843
398	5856
398	5862
398	5861
398	5851
399	3505
399	5878
399	5875
399	5865
400	5896
400	5889
400	5883
400	5891
401	5906
401	5898
401	5908
401	5912
402	363
402	5921
402	5694
403	5925
403	5924
403	340
404	5935
404	5943
404	647
405	5958
405	5949
405	5945
405	5948
406	5971
406	5975
406	5974
407	5978
407	5988
407	1192
408	6005
408	5999
408	6006
408	6004
409	6007
409	2657
409	6014
410	6035
410	6030
410	6029
410	6033
411	6044
411	6037
411	313
412	6059
412	6064
412	6054
412	6052
413	6067
413	6066
413	6078
413	6075
414	6090
414	6081
414	6087
414	6089
415	6101
415	6095
415	6102
415	6110
416	3675
416	6120
416	6119
417	6123
417	6133
417	6134
418	6137
418	1273
418	6136
419	6150
419	6143
419	6149
419	6155
420	485
420	6166
420	6175
420	6165
421	6181
421	6193
421	6185
421	6182
422	6196
422	6203
422	6199
423	3675
423	6209
423	6210
424	6222
424	6216
424	6220
425	6246
425	6234
425	6240
425	6238
426	6249
426	2092
426	6257
427	6271
427	6269
427	6270
427	6263
428	6283
428	1907
428	2585
429	6297
429	6288
429	6295
429	6292
430	756
430	6310
430	6306
431	6315
431	6316
431	6328
432	1008
432	6331
433	6351
433	6345
433	6336
433	6343
434	6361
434	313
434	6358
434	6359
435	6380
435	6378
435	6371
435	6374
436	6390
436	313
436	6402
436	6398
437	5250
437	6406
438	6414
438	6417
439	6422
439	6423
439	6424
439	6425
440	6440
440	6439
440	2765
441	6468
441	6467
441	6461
441	6451
442	6476
442	6474
443	6486
443	6479
443	392
444	6500
444	6504
444	6503
444	6501
445	312
445	6513
445	6507
445	6509
446	6535
446	6527
446	47
446	6537
447	6541
447	6539
447	6549
448	6556
448	6564
448	6561
448	6567
449	6569
449	6576
449	6568
450	6586
450	6585
450	6590
451	6596
451	739
451	6606
451	2606
452	6614
452	6621
452	6616
453	6626
453	6631
453	6635
