10	13
10	14
10	10
19	24
19	26
19	29
36	62
36	63
36	61
65	108
65	106
65	104
92	154
92	157
92	155
102	173
102	170
102	174
123	204
123	208
123	209
123	207
127	216
127	217
127	215
131	227
131	224
131	225
134	235
134	236
134	234
146	256
146	257
146	258
146	259
146	265
146	262
146	266
149	281
149	287
149	286
149	288
149	279
149	273
149	277
149	285
149	274
151	292
151	295
151	294
151	298
173	353
173	347
173	345
173	337
173	348
173	346
173	344
173	336
173	343
173	341
183	366
183	365
183	367
183	370
192	383
192	384
192	386
195	423
195	408
195	427
195	399
195	415
195	404
195	414
195	422
195	416
195	392
195	410
195	420
195	394
195	412
195	429
195	417
195	409
195	395
195	424
195	418
195	402
195	411
195	428
208	455
208	454
208	453
224	481
224	478
224	479
231	495
231	496
231	493
235	508
235	503
235	504
235	505
271	563
271	564
271	565
293	600
293	599
293	601
299	611
299	613
299	612
306	629
306	625
306	626
306	632
306	630
319	656
319	652
319	654
326	668
326	667
326	670
329	683
329	677
329	679
329	681
329	676
329	682
331	691
331	694
331	687
331	689
331	692
343	730
343	731
343	714
343	720
343	726
343	716
343	718
343	719
343	715
343	717
343	725
343	713
343	723
349	752
349	749
349	745
349	740
349	747
349	746
349	750
355	770
355	765
355	761
355	764
355	769
355	767
355	762
368	792
368	795
368	793
392	832
392	834
392	835
411	863
411	869
411	864
411	865
411	868
424	917
424	908
424	931
424	909
424	896
424	907
424	903
424	894
424	919
424	900
424	899
424	929
424	920
424	895
424	915
424	914
424	901
424	893
424	925
424	892
424	906
424	932
424	911
424	927
424	912
442	960
442	961
442	959
453	978
453	977
453	974
462	997
462	995
462	994
496	1044
496	1041
496	1045
518	1083
518	1082
518	1085
518	1080
518	1084
518	1079
528	1104
528	1099
528	1102
528	1106
531	1126
531	1113
531	1119
531	1112
531	1117
531	1120
531	1123
531	1114
531	1121
587	1206
587	1205
587	1203
587	1204
587	1212
587	1207
588	1218
588	1214
588	1220
588	1215
623	1268
623	1264
623	1265
624	1269
624	1275
624	1271
624	1274
639	1296
639	1300
639	1298
639	1295
639	1304
639	1302
648	1320
648	1315
648	1317
667	1350
667	1352
667	1348
678	1379
678	1375
678	1376
678	1381
678	1378
692	1400
692	1406
692	1398
692	1405
692	1403
710	1434
710	1432
710	1431
712	1442
712	1445
712	1444
716	1455
716	1458
716	1453
716	1456
721	1470
721	1468
721	1469
721	1474
721	1465
721	1473
727	1486
727	1489
727	1487
727	1485
737	1508
737	1504
737	1507
737	1509
743	1517
743	1519
743	1516
749	1533
749	1531
749	1536
749	1530
749	1537
752	1551
752	1546
752	1544
752	1548
752	1545
752	1542
753	1556
753	1555
753	1552
770	1592
770	1589
770	1593
774	1603
774	1602
774	1600
777	1608
777	1609
777	1607
791	1630
791	1634
791	1631
791	1639
791	1640
791	1632
791	1635
796	1651
796	1649
796	1647
822	1682
822	1684
822	1681
839	1709
839	1705
839	1716
839	1710
839	1713
839	1708
839	1715
839	1707
840	1725
840	1724
840	1720
840	1727
840	1728
840	1721
846	1739
846	1737
846	1741
846	1740
846	1738
872	1782
872	1784
872	1780
884	1805
884	1807
884	1803
890	1814
890	1816
890	1815
904	1840
904	1843
904	1839
911	1858
911	1856
911	1853
911	1852
929	1886
929	1887
929	1883
934	1895
934	1898
934	1894
936	1905
936	1901
936	1902
937	1909
937	1910
937	1914
937	1915
937	1908
937	1912
937	1913
953	1942
953	1945
953	1946
953	1944
953	1941
970	1974
970	1976
970	1973
979	1992
979	1991
979	1993
987	2011
987	2010
987	2013
993	2027
993	2023
993	2024
996	2035
996	2033
996	2031
1010	2061
1010	2062
1010	2060
1015	2074
1015	2069
1015	2073
1015	2075
1019	2089
1019	2090
1019	2091
1019	2087
1019	2092
1019	2095
1019	2094
1019	2081
1019	2088
1019	2084
1051	2148
1051	2145
1051	2141
1051	2142
1051	2150
1051	2143
1063	2174
1063	2172
1063	2173
1087	2216
1087	2218
1087	2213
1088	2227
1088	2251
1088	2268
1088	2234
1088	2266
1088	2233
1088	2243
1088	2231
1088	2262
1088	2246
1088	2271
1088	2244
1088	2250
1088	2270
1088	2222
1088	2219
1088	2273
1088	2265
1088	2276
1088	2221
1088	2254
1088	2241
1088	2245
1088	2235
1088	2253
1088	2261
1088	2238
1088	2252
1088	2267
1088	2223
1088	2228
1088	2255
1088	2226
1088	2247
1101	2299
1101	2295
1101	2298
1101	2294
1101	2297
1101	2300
1113	2324
1113	2322
1113	2323
1113	2326
1117	2337
1117	2332
1117	2335
1117	2334
1120	2345
1120	2344
1120	2343
1120	2346
1120	2347
1120	2349
1124	2359
1124	2356
1124	2360
1125	2366
1125	2362
1125	2365
1125	2363
1130	2377
1130	2380
1130	2378
1130	2376
1137	2395
1137	2390
1137	2392
1137	2391
1137	2393
1137	2399
1141	2410
1141	2408
1141	2407
1141	2409
1164	2453
1164	2441
1164	2451
1164	2450
1164	2452
1164	2442
1164	2447
1165	2462
1165	2457
1165	2461
1165	2459
1165	2455
1181	2489
1181	2484
1181	2490
1181	2486
1181	2481
1181	2487
1186	2498
1186	2504
1186	2501
1186	2500
1194	2517
1194	2516
1194	2515
1202	2541
1202	2547
1202	2542
1202	2535
1202	2544
1202	2534
1202	2546
1202	2539
1203	2556
1203	2552
1203	2549
1203	2555
1203	2557
1203	2559
1203	2561
1203	2551
1203	2553
1211	2574
1211	2575
1211	2573
1218	2593
1218	2591
1218	2596
1218	2589
1218	2592
1218	2597
1219	2602
1219	2601
1219	2599
1224	2616
1224	2613
1224	2614
1228	2628
1228	2627
1228	2625
1242	2652
1242	2651
1242	2650
1242	2648
1243	2667
1243	2665
1243	2659
1243	2658
1243	2664
1243	2668
1243	2663
1243	2660
1246	2677
1246	2680
1246	2682
1246	2683
1246	2678
1246	2673
1252	2693
1252	2694
1252	2692
1252	2698
1260	2711
1260	2713
1260	2710
1260	2716
1260	2708
1260	2717
1265	2726
1265	2728
1265	2727
1265	2725
1266	2736
1266	2738
1266	2741
1266	2739
1266	2737
1266	2734
1274	2755
1274	2760
1274	2758
1274	2765
1274	2763
1274	2754
1274	2756
1274	2766
1274	2759
1284	2781
1284	2780
1284	2784
1285	2786
1285	2788
1285	2789
1285	2785
1291	2802
1291	2800
1291	2804
1301	2820
1301	2818
1301	2819
1303	2829
1303	2827
1303	2830
1306	2855
1306	2843
1306	2845
1306	2842
1306	2849
1306	2850
1306	2835
1306	2838
1306	2844
1306	2840
1306	2853
1306	2848
1306	2834
1317	2872
1317	2869
1317	2873
1317	2880
1317	2870
1317	2878
1317	2877
1329	2898
1329	2896
1329	2897
1343	2925
1343	2924
1343	2927
1348	2936
1348	2937
1348	2938
1348	2939
1352	2950
1352	2951
1352	2948
1352	2953
1352	2946
1354	2961
1354	2959
1354	2956
1354	2962
1354	2957
1369	2988
1369	2991
1369	2990
1369	2986
1380	3010
1380	3011
1380	3007
1383	3017
1383	3021
1383	3019
1383	3020
1389	3038
1389	3032
1389	3034
1389	3033
1390	3040
1390	3041
1390	3043
1390	3044
1395	3056
1395	3054
1395	3052
1395	3057
1395	3060
1395	3059
1413	3089
1413	3088
1413	3086
1413	3087
1413	3093
1413	3094
1415	3101
1415	3099
1415	3097
1420	3110
1420	3107
1420	3108
1422	3117
1422	3123
1422	3122
1422	3119
1422	3118
1425	3135
1425	3134
1425	3154
1425	3137
1425	3139
1425	3133
1425	3146
1425	3148
1425	3152
1425	3132
1425	3153
1425	3131
1425	3141
1425	3136
1425	3127
1425	3130
1425	3143
1426	3165
1426	3159
1426	3156
1426	3160
1426	3164
1426	3161
1447	3198
1447	3202
1447	3205
1447	3195
1447	3201
1447	3192
1447	3204
1447	3194
1448	3213
1448	3208
1448	3206
1448	3209
1449	3223
1449	3217
1449	3214
1449	3218
1449	3225
1449	3219
1449	3216
1451	3237
1451	3244
1451	3240
1451	3230
1451	3246
1451	3247
1451	3231
1451	3239
1451	3235
1451	3238
1451	3245
1484	3301
1484	3298
1484	3299
1491	3313
1491	3315
1491	3310
1491	3312
1499	3331
1499	3329
1499	3328
1500	3334
1500	3336
1500	3332
1501	3339
1501	3338
1501	3341
1509	3359
1509	3361
1509	3360
1530	3396
1530	3397
1530	3394
1546	3425
1546	3421
1546	3419
1546	3422
1546	3420
1556	3445
1556	3451
1556	3446
1556	3448
1556	3449
1556	3442
1561	3462
1561	3463
1561	3465
1579	3504
1579	3498
1579	3503
1579	3496
1579	3494
1579	3486
1579	3491
1579	3502
1579	3484
1579	3505
1579	3495
1579	3501
1579	3485
1584	3511
1584	3513
1584	3518
1584	3516
1584	3510
1584	3512
1597	3542
1597	3546
1597	3551
1597	3543
1597	3548
1597	3540
1597	3541
1605	3569
1605	3570
1605	3567
1605	3573
1611	3584
1611	3591
1611	3587
1611	3588
1611	3582
1611	3586
1611	3581
1624	3612
1624	3611
1624	3613
1628	3618
1628	3620
1628	3619
1635	3638
1635	3629
1635	3633
1635	3632
1635	3634
1635	3637
1639	3651
1639	3654
1639	3647
1639	3649
1639	3653
1639	3645
1639	3646
1645	3673
1645	3672
1645	3666
1645	3669
1645	3671
1645	3674
1647	3676
1647	3677
1647	3684
1647	3683
1647	3679
1647	3680
1647	3685
1655	3703
1655	3702
1655	3700
1671	3728
1671	3727
1671	3726
1671	3729
1698	3767
1698	3766
1698	3768
1701	3778
1701	3779
1701	3775
1712	3801
1712	3798
1712	3796
1717	3813
1717	3812
1717	3814
1733	3838
1733	3840
1733	3837
1733	3850
1733	3857
1733	3836
1733	3853
1733	3851
1733	3849
1733	3844
1733	3848
1733	3841
1733	3852
1748	3892
1748	3891
1748	3894
1748	3885
1748	3879
1748	3893
1748	3881
1748	3888
1748	3887
1748	3882
1748	3895
1748	3896
1755	3913
1755	3912
1755	3910
1776	3942
1776	3944
1776	3943
1776	3946
1778	3952
1778	3956
1778	3958
1778	3950
1778	3954
1778	3949
1780	3966
1780	3962
1780	3965
1780	3967
1780	3964
1780	3971
1780	3961
1812	4021
1812	4020
1812	4027
1812	4022
1812	4024
1812	4025
1834	4061
1834	4062
1834	4064
1837	4073
1837	4068
1837	4072
1837	4075
1842	4083
1842	4084
1842	4082
1851	4095
1851	4101
1851	4104
1851	4102
1851	4098
1851	4103
1865	4136
1865	4129
1865	4134
1865	4135
1879	4162
1879	4160
1879	4161
1884	4172
1884	4174
1884	4173
1897	4197
1897	4204
1897	4206
1897	4205
1897	4203
1897	4201
1899	4208
1899	4209
1899	4211
1912	4246
1912	4256
1912	4262
1912	4260
1912	4259
1912	4264
1912	4237
1912	4236
1912	4253
1912	4245
1912	4238
1912	4265
1912	4243
1912	4249
1912	4233
1912	4247
1912	4248
1912	4239
1912	4263
1912	4252
1930	4298
1930	4301
1930	4299
1930	4302
1941	4325
1941	4322
1941	4320
1941	4316
1941	4318
1941	4324
1941	4326
1941	4329
1943	4340
1943	4339
1943	4338
1943	4331
1943	4337
1943	4335
1952	4354
1952	4357
1952	4353
1952	4355
1952	4359
1958	4374
1958	4368
1958	4370
1958	4375
1958	4380
1958	4371
1958	4376
1958	4378
1962	4394
1962	4390
1962	4391
1969	4407
1969	4404
1969	4405
1978	4422
1978	4421
1978	4419
1978	4418
1980	4441
1980	4435
1980	4429
1980	4436
1980	4438
1980	4430
1980	4437
1980	4433
1980	4443
1982	4446
1982	4450
1982	4451
1982	4448
1988	4467
1988	4462
1988	4461
1988	4464
1998	4482
1998	4480
1998	4484
2015	4514
2015	4516
2015	4520
2015	4519
2015	4517
2015	4511
2018	4526
2018	4530
2018	4529
2022	4544
2022	4542
2022	4539
2023	4549
2023	4550
2023	4548
2041	4581
2041	4589
2041	4584
2041	4587
2041	4588
2041	4579
2041	4586
2041	4583
2041	4592
2047	4602
2047	4600
2047	4605
2047	4604
2050	4608
2050	4609
2050	4613
2050	4610
2063	4643
2063	4638
2063	4639
2063	4644
2063	4636
2063	4642
2063	4640
2071	4660
2071	4661
2071	4658
2071	4659
2077	4676
2077	4675
2077	4677
2092	4709
2092	4701
2092	4710
2092	4702
2092	4705
2092	4711
2097	4722
2097	4718
2097	4721
2105	4734
2105	4737
2105	4735
2106	4755
2106	4750
2106	4745
2106	4747
2106	4748
2106	4739
2106	4741
2106	4749
2106	4740
2106	4751
2116	4775
2116	4778
2116	4771
2116	4772
2116	4784
2116	4785
2116	4783
2116	4776
2116	4777
2120	4794
2120	4795
2120	4793
2122	4807
2122	4805
2122	4800
2122	4801
2127	4817
2127	4818
2127	4814
2131	4828
2131	4827
2131	4824
2131	4826
2153	4854
2153	4855
2153	4853
2168	4879
2168	4883
2168	4878
2168	4877
2168	4884
2168	4873
2168	4875
2176	4901
2176	4897
2176	4899
2176	4896
2176	4903
2195	4940
2195	4937
2195	4938
2195	4935
2242	5005
2242	5006
2242	5004
2246	5018
2246	5016
2246	5014
2247	5024
2247	5021
2247	5020
2258	5040
2258	5038
2258	5041
2271	5066
2271	5068
2271	5059
2271	5065
2271	5069
2271	5060
2303	5111
2303	5110
2303	5113
2303	5109
2307	5124
2307	5125
2307	5121
2323	5148
2323	5150
2323	5146
2359	5199
2359	5198
2359	5201
2380	5230
2380	5233
2380	5234
2395	5258
2395	5259
2395	5256
2395	5263
2436	5327
2436	5328
2436	5325
2451	5351
2451	5352
2451	5350
2451	5353
2453	5360
2453	5358
2453	5361
2453	5364
2478	5404
2478	5408
2478	5402
2478	5405
2478	5406
2478	5407
2489	5436
2489	5434
2489	5427
2489	5432
2489	5430
2489	5431
2496	5447
2496	5444
2496	5445
2507	5466
2507	5468
2507	5464
2507	5470
2529	5497
2529	5500
2529	5499
2544	5519
2544	5522
2544	5525
2544	5518
2544	5523
2544	5520
2583	5583
2583	5589
2583	5588
2583	5587
2594	5602
2594	5605
2594	5604
2609	5625
2609	5626
2609	5627
2627	5657
2627	5658
2627	5654
2634	5667
2634	5665
2634	5669
2638	5678
2638	5677
2638	5676
2641	5684
2641	5690
2641	5688
2641	5685
2648	5704
2648	5702
2648	5703
2665	5735
2665	5731
2665	5736
2665	5734
2665	5732
2665	5727
2665	5726
2669	5741
2669	5742
2669	5743
2684	5771
2684	5767
2684	5769
2684	5770
2691	5783
2691	5782
2691	5784
2781	5920
2781	5919
2781	5921
2784	5930
2784	5931
2784	5933
2784	5928
2793	5950
2793	5951
2793	5953
2802	5966
2802	5967
2802	5970
2810	5988
2810	5991
2810	5985
2810	5990
2814	5998
2814	5997
2814	6000
2814	5995
2820	6014
2820	6010
2820	6009
2820	6012
2826	6032
2826	6035
2826	6025
2826	6026
2826	6034
2826	6029
2832	6045
2832	6043
2832	6044
2841	6057
2841	6062
2841	6058
2841	6067
2841	6061
2841	6064
2841	6069
2841	6060
2841	6066
2859	6107
2859	6104
2859	6098
2859	6099
2859	6103
2859	6102
2860	6111
2860	6113
2860	6114
2860	6110
2868	6129
2868	6127
2868	6131
2878	6147
2878	6149
2878	6146
2878	6145
2887	6166
2887	6170
2887	6168
2887	6171
2895	6186
2895	6185
2895	6184
2898	6196
2898	6193
2898	6194
2907	6211
2907	6215
2907	6213
2907	6216
2909	6224
2909	6222
2909	6220
2910	6226
2910	6225
2910	6228
2918	6246
2918	6243
2918	6245
2918	6250
2944	6294
2944	6291
2944	6296
2944	6293
2962	6322
2962	6325
2962	6319
2962	6323
2969	6338
2969	6341
2969	6337
2969	6344
2969	6343
2985	6368
2985	6365
2985	6364
2986	6370
2986	6375
2986	6377
2986	6376
2986	6371
2996	6391
2996	6393
2996	6395
3013	6427
3013	6426
3013	6430
3017	6442
3017	6443
3017	6440
3017	6438
3018	6451
3018	6447
3018	6446
3018	6453
3018	6449
3018	6455
3031	6479
3031	6480
3031	6476
3041	6500
3041	6499
3041	6498
3051	6523
3051	6512
3051	6518
3051	6514
3051	6519
3051	6520
3051	6522
3054	6537
3054	6529
3054	6531
3054	6536
3054	6534
3054	6538
3055	6545
3055	6541
3055	6540
3055	6543
3065	6562
3065	6565
3065	6566
3080	6592
3080	6597
3080	6594
3087	6607
3087	6605
3087	6609
3093	6621
3093	6619
3093	6622
3125	6677
3125	6684
3125	6683
3125	6676
3125	6682
3128	6692
3128	6690
3128	6687
3128	6689
3154	6729
3154	6730
3154	6731
3158	6745
3158	6743
3158	6740
3158	6742
3159	6754
3159	6755
3159	6752
3159	6748
3159	6756
3159	6753
3163	6765
3163	6766
3163	6761
3163	6764
3171	6775
3171	6777
3171	6779
3182	6798
3182	6802
3182	6799
3196	6824
3196	6823
3196	6827
3203	6847
3203	6842
3203	6846
3203	6839
3203	6840
3203	6838
3210	6856
3210	6854
3210	6855
3219	6879
3219	6875
3219	6877
3219	6876
3224	6888
3224	6884
3224	6892
3224	6895
3224	6894
3224	6896
3224	6885
3227	6903
3227	6899
3227	6902
3229	6907
3229	6905
3229	6910
3285	7008
3285	7004
3285	7003
3285	7009
3285	7007
3285	7002
3285	7006
3292	7019
3292	7021
3292	7022
3300	7037
3300	7036
3300	7039
3300	7035
3301	7048
3301	7044
3301	7045
3301	7047
3312	7069
3312	7065
3312	7061
3312	7068
3312	7063
3312	7071
3312	7067
3313	7074
3313	7077
3313	7080
3313	7078
3320	7090
3320	7091
3320	7092
3363	7161
3363	7158
3363	7157
3363	7160
3367	7171
3367	7172
3367	7170
3368	7174
3368	7175
3368	7176
3378	7191
3378	7192
3378	7194
3387	7208
3387	7211
3387	7209
3391	7222
3391	7231
3391	7224
3391	7227
3391	7225
3391	7220
3391	7221
3391	7232
3391	7229
3410	7264
3410	7263
3410	7266
3410	7265
3411	7268
3411	7269
3411	7271
3411	7270
3411	7274
3412	7279
3412	7282
3412	7281
3412	7277
3413	7284
3413	7285
3413	7288
3420	7304
3420	7301
3420	7300
3420	7303
3423	7310
3423	7311
3423	7309
3423	7312
3430	7327
3430	7332
3430	7328
3430	7331
3436	7345
3436	7340
3436	7343
3436	7346
3441	7354
3441	7355
3441	7353
3452	7372
3452	7373
3452	7374
3454	7382
3454	7381
3454	7380
3462	7396
3462	7394
3462	7403
3462	7397
3462	7402
3462	7404
3462	7400
3471	7428
3471	7426
3471	7430
3471	7423
3471	7424
3471	7421
3471	7419
3475	7440
3475	7445
3475	7446
3475	7438
3475	7448
3475	7441
3483	7470
3483	7461
3483	7462
3483	7466
3483	7468
3483	7463
3483	7469
3503	7510
3503	7512
3503	7518
3503	7505
3503	7516
3503	7511
3503	7509
3503	7513
3503	7517
3503	7515
3504	7520
3504	7521
3504	7525
3507	7532
3507	7530
3507	7533
3509	7541
3509	7542
3509	7540
3509	7538
3509	7544
3509	7547
3512	7553
3512	7551
3512	7552
3518	7574
3518	7569
3518	7566
3518	7567
3518	7573
3518	7572
3519	7579
3519	7581
3519	7578
3519	7580
3520	7586
3520	7588
3520	7587
3520	7585
3540	7624
3540	7625
3540	7626
3540	7621
3550	7643
3550	7642
3550	7644
3557	7654
3557	7655
3557	7657
3562	7670
3562	7666
3562	7669
3562	7668
3569	7682
3569	7685
3569	7683
3590	7714
3590	7716
3590	7713
3610	7750
3610	7749
3610	7748
3620	7769
3620	7765
3620	7766
3624	7776
3624	7774
3624	7775
3626	7780
3626	7783
3626	7781
3648	7818
3648	7819
3648	7820
3648	7817
3673	7864
3673	7868
3673	7866
3673	7863
3679	7877
3679	7881
3679	7879
3681	7890
3681	7889
3681	7884
3681	7888
3685	7898
3685	7904
3685	7902
3685	7895
3685	7900
3685	7897
3688	7916
3688	7912
3688	7910
3688	7918
3688	7915
3688	7911
3688	7919
3688	7909
3691	7928
3691	7929
3691	7931
3691	7927
3693	7937
3693	7935
3693	7939
3695	7942
3695	7945
3695	7943
3704	7963
3704	7962
3704	7960
3717	7981
3717	7986
3717	7984
3717	7985
3732	8007
3732	8008
3732	8011
3733	8018
3733	8012
3733	8013
3733	8017
3768	8068
3768	8065
3768	8069
3768	8071
3792	8118
3792	8117
3792	8116
3792	8108
3792	8113
3792	8114
3792	8106
3792	8115
3807	8136
3807	8138
3807	8135
3821	8159
3821	8161
3821	8158
3821	8163
3822	8166
3822	8164
3822	8168
3824	8182
3824	8171
3824	8183
3824	8180
3824	8181
3824	8177
3824	8175
3829	8193
3829	8192
3829	8190
3832	8202
3832	8198
3832	8201
3833	8211
3833	8210
3833	8203
3833	8213
3833	8204
3833	8212
3836	8224
3836	8223
3836	8222
3840	8231
3840	8233
3840	8230
3842	8245
3842	8241
3842	8237
3842	8239
3842	8244
3842	8247
3842	8242
3940	8394
3940	8395
3940	8399
3942	8404
3942	8405
3942	8401
3942	8407
3942	8403
3953	8430
3953	8429
3953	8427
3963	8450
3963	8451
3963	8449
3963	8442
3963	8452
3963	8444
3971	8474
3971	8476
3971	8475
3971	8473
3971	8472
3971	8471
3993	8519
3993	8515
3993	8517
4005	8540
4005	8547
4005	8548
4005	8545
4005	8541
4005	8544
4042	8605
4042	8606
4042	8608
4079	8662
4079	8665
4079	8663
4084	8672
4084	8675
4084	8671
4084	8673
4085	8680
4085	8685
4085	8686
4085	8683
4085	8688
4085	8678
4089	8697
4089	8698
4089	8696
4089	8702
4107	8731
4107	8728
4107	8733
4107	8726
4107	8730
4107	8732
4116	8745
4116	8750
4116	8748
4116	8744
4116	8753
4116	8749
4117	8760
4117	8756
4117	8757
4117	8759
4126	8780
4126	8777
4126	8779
4126	8782
4126	4476
4126	8789
4126	8788
4126	8787
4126	8776
4126	8790
4126	8774
4156	8828
4156	8825
4156	8826
4169	8847
4169	8862
4169	8865
4169	8867
4169	8866
4169	8855
4169	8864
4169	8849
4169	8846
4169	8850
4169	8858
4169	8854
4169	8856
4186	8894
4186	8896
4186	8889
4186	8891
4186	8887
4186	8890
4258	8991
4258	8995
4258	8989
4258	8994
4258	8992
4258	9002
4258	9003
4258	8997
4258	8998
4277	9027
4277	9050
4277	9046
4277	9042
4277	9045
4277	9035
4277	9030
4277	9036
4277	9031
4277	9033
4277	9038
4277	9034
4277	9037
4277	9053
4277	9049
4277	9048
4277	9026
4277	9025
4277	9051
4277	9029
4277	9052
4294	9074
4294	9075
4294	9076
4305	9107
4305	9099
4305	9100
4305	9104
4305	9103
4305	9108
4305	9095
4305	9096
4310	9115
4310	9118
4310	9117
4312	9129
4312	9126
4312	9128
4312	9121
4312	9125
4312	9124
4344	9183
4344	9179
4344	9182
4344	9185
4345	9189
4345	9190
4345	9186
4387	9258
4387	9263
4387	9267
4387	9260
4387	9266
4387	9265
4411	9297
4411	9299
4411	9300
4418	9313
4418	9317
4418	9316
4448	9364
4448	9360
4448	9356
4448	9363
4448	9366
4448	9359
4448	9358
4465	9397
4465	9395
4465	9399
4471	9410
4471	9407
4471	9408
4477	9420
4477	9422
4477	9419
4478	9430
4478	9426
4478	9428
4478	9427
4489	9444
4489	9446
4489	9450
4489	9447
4496	9460
4496	9462
4496	9464
4496	9459
4508	9488
4508	9485
4508	9486
4517	9507
4517	9508
4517	9509
4520	9517
4520	9516
4520	9513
4543	9557
4543	9554
4543	9563
4543	9560
4543	9555
4543	9564
4556	9581
4556	9579
4556	9583
4578	9620
4578	9618
4578	9617
4579	9638
4579	9637
4579	9630
4579	9629
4579	9632
4579	9633
4579	9625
4579	9636
4579	9626
4579	9622
4580	9642
4580	9643
4580	9644
4582	9646
4582	9650
4582	9648
4600	9686
4600	9682
4600	9687
4600	9684
4607	9699
4607	9704
4607	9698
4607	9700
4611	9709
4611	9711
4611	9710
4634	9741
4634	9742
4634	9743
4682	9828
4682	9824
4682	9825
4682	9833
4682	9829
4682	9830
4697	9856
4697	9858
4697	9855
4697	9857
4708	9879
4708	9880
4708	9876
4750	9952
4750	9948
4750	9951
4771	10002
4771	10006
4771	9996
4771	9997
4771	9995
4771	10001
4771	9990
4771	9993
4771	9994
4771	9998
4774	10013
4774	10014
4774	10012
4790	10042
4790	10044
4790	10041
4795	10057
4795	10059
4795	10056
4802	10072
4802	10084
4802	10077
4802	10083
4802	10078
4802	10079
4802	10081
4802	10074
4802	10075
4816	10110
4816	10122
4816	10119
4816	10118
4816	10111
4816	10117
4816	10114
4816	10113
4823	10135
4823	10139
4823	10137
4823	10133
4823	10142
4823	10134
4829	10158
4829	10156
4829	10150
4829	10154
4829	10153
4829	10157
4831	10165
4831	10169
4831	10170
4831	10166
4834	10175
4834	10182
4834	10181
4834	10188
4834	10189
4834	10174
4834	10183
4834	10177
4834	10186
4858	10229
4858	10226
4858	10228
4861	10235
4861	10236
4861	10233
4867	10245
4867	10251
4867	10249
4867	10243
4867	10248
4868	10255
4868	10257
4868	10252
4895	10294
4895	10295
4895	10298
4898	10305
4898	10302
4898	10304
4934	10363
4934	10359
4934	10361
4934	10362
4950	10396
4950	10398
4950	10388
4950	10394
4950	10391
4950	10393
4951	10401
4951	10402
4951	10399
4957	10414
4957	10410
4957	10415
4958	10422
4958	10420
4958	10421
4958	10419
4979	10457
4979	10456
4979	10453
5008	10502
5008	10505
5008	10500
5011	10509
5011	10513
5011	10508
5011	10514
5034	10547
5034	10546
5034	10551
5034	10549
5046	10573
5046	10572
5046	10571
5046	10574
5050	10588
5050	10585
5050	10587
5053	10595
5053	10594
5053	10596
5054	10601
5054	10602
5054	10608
5054	10605
5054	10599
5054	10604
5054	10600
5054	10603
5063	10624
5063	10622
5063	10623
5064	10628
5064	10629
5064	10631
5070	10642
5070	10641
5070	10644
5074	10651
5074	10650
5074	10656
5074	10655
5074	10660
5074	10661
5074	10657
5084	10678
5084	10679
5084	10681
5087	10693
5087	10690
5087	10689
5090	10704
5090	10700
5090	10707
5090	10699
5090	10701
5090	10703
5096	10717
5096	10716
5096	10721
5097	10724
5097	10723
5097	10727
5100	10732
5100	10739
5100	10730
5100	10733
5100	10737
5100	10731
5113	10761
5113	10759
5113	10760
5156	10826
5156	10831
5156	10827
5172	10857
5172	10854
5172	10856
5172	10855
5173	10861
5173	10862
5173	10863
5222	10945
5222	10944
5222	10943
5233	10961
5233	10965
5233	10960
5242	10986
5242	10983
5242	10987
5256	11012
5256	11010
5256	11013
5265	11030
5265	11027
5265	11031
5267	11038
5267	11037
5267	11035
5277	11055
5277	11059
5277	11065
5277	11057
5277	11063
5277	11056
5277	11064
5278	11070
5278	11069
5278	11067
5289	11095
5289	11093
5289	11092
5300	11115
5300	11118
5300	11121
5300	11113
5300	11112
5300	11119
5302	11123
5302	11124
5302	11127
5305	11133
5305	11134
5305	11137
5312	11153
5312	11150
5312	11151
5312	11148
5312	11149
5312	11155
5312	11146
5317	11163
5317	11165
5317	11164
5329	11197
5329	11189
5329	11190
5329	11191
5329	11192
5329	11194
5329	11198
5329	11188
5333	11213
5333	11207
5333	11210
5333	11209
5333	11217
5333	11208
5333	11211
5359	11252
5359	11253
5359	11255
5359	11258
5359	11254
5359	11257
5386	11306
5386	11302
5386	11308
5386	11309
5387	11319
5387	11315
5387	11317
5387	11312
5387	11311
5387	11313
5394	11335
5394	11330
5394	11339
5394	11338
5394	11327
5394	11326
5394	11342
5394	11336
5394	11333
5394	11343
5394	11340
5394	11348
5394	11345
5394	11332
5394	11341
5397	11357
5397	11360
5397	11355
5397	11361
5397	11354
5401	11370
5401	11366
5401	11367
5412	11389
5412	11388
5412	11391
5413	11400
5413	11394
5413	11396
5413	11398
5413	11397
5424	11413
5424	11418
5424	11415
5424	11416
5450	11470
5450	11472
5450	11466
5450	11471
5458	11504
5458	11492
5458	11489
5458	11500
5458	11495
5458	11502
5458	11499
5458	11494
5458	11488
5458	11485
5458	11490
5458	11498
5458	11497
5470	11525
5470	11526
5470	11527
5470	11530
5475	11543
5475	11545
5475	11544
5475	11546
5492	11577
5492	11578
5492	11580
5493	11582
5493	11584
5493	11585
5536	11652
5536	11651
5536	11653
5536	11648
5539	11659
5539	11668
5539	11669
5539	11674
5539	11673
5539	11664
5539	11657
5539	11667
5539	11666
5539	11660
5539	11672
5539	11663
5543	11685
5543	11683
5543	11687
5543	11682
5543	11680
5555	11707
5555	11711
5555	11710
5555	11712
5580	11762
5580	11761
5580	11763
5580	11760
5580	11758
5585	11773
5585	11770
5585	11771
5604	11815
5604	11812
5604	11811
5604	11814
5605	11827
5605	11823
5605	11826
5605	11825
5605	11824
5605	11819
5620	11856
5620	11853
5620	11850
5620	11855
5621	11864
5621	11857
5621	11860
5621	11858
5626	11871
5626	11870
5626	11869
5636	11892
5636	11896
5636	11900
5636	11890
5636	11897
5636	11902
5636	11895
5636	11894
5643	11910
5643	11911
5643	11918
5643	11912
5643	11916
5650	11929
5650	11930
5650	11927
5654	11938
5654	11940
5654	11939
5654	11944
5654	11949
5654	11941
5654	11942
5675	11986
5675	11988
5675	11985
5675	11982
5675	11980
5675	11989
5677	11997
5677	11995
5677	11998
5677	11996
5682	12008
5682	12007
5682	12006
5682	12005
5689	12032
5689	12036
5689	12025
5689	12028
5689	12027
5689	12031
5689	12033
5689	12024
5689	12035
5723	12090
5723	12091
5723	12093
5723	12087
5733	12106
5733	12108
5733	12107
5734	12117
5734	12116
5734	12112
5734	12119
5734	12118
5734	12114
5744	12137
5744	12136
5744	12139
5763	12173
5763	12171
5763	12174
5787	12217
5787	12221
5787	12216
5812	12262
5812	12263
5812	12265
5812	12266
5812	12259
5812	12268
5812	12258
5825	12284
5825	12290
5825	12287
5825	12286
5831	12303
5831	12300
5831	12305
5831	12299
5831	12304
5831	12298
5841	12327
5841	12328
5841	12324
5841	12323
5872	12378
5872	12381
5872	12379
5872	12380
5872	12376
5874	12384
5874	12387
5874	12388
5875	12392
5875	12390
5875	12393
5880	12407
5880	12404
5880	12405
5880	12401
5880	12408
5880	12403
5889	12426
5889	12423
5889	12422
5908	12455
5908	12456
5908	12459
5927	12494
5927	12495
5927	12492
5948	12529
5948	12527
5948	12528
5948	12522
5948	12524
5948	12525
5949	12535
5949	12533
5949	12530
5956	12549
5956	12550
5956	12546
5956	12547
5972	12589
5972	12582
5972	12588
5972	12579
5972	12587
5972	12586
5978	12601
5978	12600
5978	12599
5996	12628
5996	12632
5996	12634
5996	12630
5996	12631
5996	12627
6002	12650
6002	12651
6002	12649
6016	12676
6016	12677
6016	12678
6040	12709
6040	12711
6040	12708
