9	13
18	29
18	30
35	69
64	113
85	153
91	168
98	181
101	188
122	226
122	227
126	239
126	240
130	251
130	252
133	262
145	292
145	293
145	294
148	318
148	319
148	320
148	321
149	331
149	332
150	339
150	340
156	354
168	387
168	388
168	389
172	408
172	409
172	410
172	411
182	432
182	433
191	456
191	457
194	532
194	533
194	534
194	535
194	536
194	537
194	538
194	539
194	540
194	541
194	542
194	543
194	544
194	545
194	546
194	547
194	548
194	549
194	550
194	551
194	552
194	553
194	554
197	584
207	605
207	606
223	635
230	655
230	656
234	669
234	670
236	679
236	680
238	688
238	689
241	698
241	699
270	746
292	783
292	784
298	796
305	816
305	817
318	848
318	849
325	866
328	881
328	882
328	883
328	884
330	899
330	900
331	907
337	919
342	956
342	957
342	958
342	959
342	960
342	961
342	962
342	963
342	964
342	965
348	1003
348	1004
348	1005
348	1006
348	1007
348	1008
348	1009
348	1010
354	1038
354	1039
354	1040
354	1041
367	1071
371	1081
391	1120
391	1121
402	1139
410	1160
410	1161
411	1169
411	1170
423	1244
423	1245
423	1246
423	1247
423	1248
423	1249
423	1250
423	1251
423	1252
423	1253
423	1254
423	1255
423	1256
423	1257
423	1258
423	1259
423	1260
423	1261
437	1302
437	1303
441	1318
441	1319
452	1338
452	1339
453	1345
461	1362
461	1363
479	1388
486	1404
495	1422
495	1423
499	1435
517	1467
517	1468
527	1496
527	1497
527	1498
530	1518
530	1519
530	1520
530	1521
548	1550
586	1612
586	1613
586	1614
587	1626
587	1627
622	1683
622	1684
623	1705
623	1706
623	1707
623	1708
623	1709
623	1710
638	1745
638	1746
647	1766
647	1767
648	1774
666	1802
670	1811
677	1834
677	1835
677	1836
691	1866
691	1867
691	1868
695	1880
709	1909
709	1910
709	1911
711	1922
715	1937
720	1952
720	1953
724	1963
726	1974
726	1975
726	1976
736	2002
736	2003
736	2004
736	2005
742	2022
742	2023
745	2032
748	2046
748	2047
748	2048
751	2068
751	2069
751	2070
751	2071
752	2082
752	2083
753	2089
769	2126
769	2127
773	2142
773	2143
776	2154
790	2185
790	2186
790	2187
794	2199
795	2205
821	2239
838	2272
838	2273
838	2274
839	2286
839	2287
839	2288
845	2306
845	2307
845	2308
863	2338
871	2354
883	2379
889	2390
896	2406
896	2407
903	2421
910	2441
910	2442
910	2443
928	2478
933	2490
935	2497
936	2509
936	2510
936	2511
942	2524
952	2546
952	2547
952	2548
969	2579
978	2598
983	2613
986	2626
986	2627
992	2645
992	2646
995	2659
995	2660
1000	2675
1000	2676
1009	2696
1009	2697
1014	2713
1014	2714
1014	2715
1018	2746
1018	2747
1018	2748
1018	2749
1018	2750
1018	2751
1018	2752
1033	2788
1050	2830
1050	2831
1050	2832
1050	2833
1050	2834
1050	2835
1057	2853
1062	2869
1062	2870
1085	2910
1086	2916
1087	3013
1087	3014
1087	3015
1087	3016
1087	3017
1087	3018
1087	3019
1087	3020
1087	3021
1087	3022
1087	3023
1087	3024
1087	3025
1087	3026
1087	3027
1087	3028
1087	3029
1087	3030
1087	3031
1087	3032
1087	3033
1087	3034
1087	3035
1087	3036
1087	3037
1087	3038
1087	3039
1087	3040
1087	3041
1087	3042
1087	3043
1087	3044
1100	3105
1100	3106
1100	3107
1100	3108
1100	3109
1104	3121
1112	3150
1112	3151
1112	3152
1112	3153
1112	3154
1112	1043
1116	3169
1116	3170
1119	3185
1119	3186
1119	3187
1119	3188
1123	3202
1124	3218
1124	3219
1124	3220
1124	3221
1124	3222
1129	3239
1129	3240
1136	3259
1136	3260
1136	3261
1140	3276
1140	3277
1140	3278
1141	3286
1141	3287
1163	3330
1163	3331
1163	3332
1163	3333
1164	3347
1164	3348
1164	3349
1180	3381
1180	3382
1180	3383
1181	3391
1181	3392
1185	3402
1193	3418
1201	3449
1201	3450
1201	3451
1201	3452
1202	3467
1202	3468
1202	3469
1202	3470
1210	3490
1210	3491
1217	3513
1217	3514
1217	3515
1218	3525
1218	3526
1223	3541
1227	3554
1227	3555
1241	3583
1241	3584
1242	3596
1242	3597
1242	3598
1243	3605
1245	3623
1245	325
1245	3624
1245	3625
1245	3626
1251	3648
1251	3649
1259	3669
1259	3670
1264	3690
1264	3691
1264	3692
1265	3709
1265	3710
1265	3711
1265	3712
1273	3744
1273	3745
1273	3746
1273	3747
1273	3748
1273	3749
1283	3773
1284	3783
1284	3784
1284	3785
1290	3802
1290	3803
1300	3824
1300	3825
1301	3831
1302	3837
1305	3864
1305	3865
1305	3866
1305	3867
1305	3868
1305	3869
1305	3870
1316	3904
1316	3905
1316	3906
1316	3907
1328	3932
1339	3959
1339	3960
1342	3968
1346	3978
1347	3985
1347	3986
1351	4005
1351	4006
1351	4007
1351	4008
1353	4022
1353	4023
1368	4054
1368	4055
1379	4074
1382	4085
1382	4086
1388	4104
1388	4105
1389	4115
1389	4116
1389	4117
1394	4138
1394	4139
1394	4140
1394	4141
1398	4152
1412	4180
1412	4181
1412	4182
1414	4192
1414	4193
1419	4205
1420	4216
1420	4217
1420	4218
1421	4231
1421	4232
1421	4233
1424	4270
1424	4271
1424	4272
1424	4273
1424	4274
1424	4275
1424	4276
1424	4277
1424	4278
1424	4279
1425	4298
1425	4299
1446	4342
1446	4343
1446	4344
1446	4345
1447	4359
1447	4360
1447	4361
1448	4376
1448	4377
1448	4378
1448	4379
1450	4407
1450	4408
1450	4409
1450	4410
1450	4411
1450	4412
1450	4413
1466	4450
1483	4481
1490	4497
1490	4498
1498	4516
1499	4522
1500	4529
1504	4541
1508	4550
1523	4582
1523	4583
1523	4584
1529	4598
1545	4635
1545	4636
1545	4637
1545	4638
1550	4658
1550	4659
1555	4687
1555	4688
1555	4689
1555	4690
1555	4691
1555	4692
1560	4712
1578	4753
1578	4754
1578	4755
1578	4756
1578	4757
1578	4758
1578	4759
1583	4777
1583	4778
1592	4797
1596	4817
1596	4818
1596	4819
1596	4820
1598	4832
1598	4833
1604	4861
1604	4862
1604	4863
1604	4864
1604	4865
1604	4866
1610	4894
1610	4895
1610	4896
1610	4897
1610	4898
1623	4923
1627	4933
1634	4947
1634	4948
1638	4966
1638	4967
1638	4968
1644	4986
1644	4987
1646	5001
1646	5002
1646	5003
1654	5025
1670	5052
1670	5053
1697	5093
1700	5104
1709	5121
1711	5128
1715	5141
1716	5151
1716	5152
1732	5218
1732	5219
1732	5220
1732	5221
1732	5222
1732	5223
1732	5224
1732	5225
1732	5226
1732	5227
1732	5228
1732	5229
1732	5230
1732	5231
1747	5295
1747	5296
1747	5297
1747	5298
1747	5299
1747	5300
1747	5301
1747	5302
1747	5303
1751	5322
1754	5330
1775	5370
1775	5371
1775	5372
1777	5384
1777	5385
1779	5405
1779	5406
1779	5407
1779	5408
1779	5409
1793	5436
1811	5478
1811	5479
1811	5480
1811	5481
1823	5503
1833	5522
1836	5535
1836	5536
1841	5549
1850	5569
1850	5570
1850	5571
1864	5604
1864	5605
1865	5611
1872	5622
1878	5636
1881	5645
1883	5652
1896	5681
1896	5682
1898	5690
1911	5756
1911	5757
1911	5758
1911	5759
1911	5760
1911	5761
1911	5762
1911	5763
1911	5764
1911	5765
1911	5766
1911	5767
1911	5768
1911	5769
1911	5770
1921	5802
1929	5821
1940	5848
1940	5849
1940	5850
1940	5851
1942	5869
1942	5870
1942	5871
1942	5872
1945	5883
1951	5898
1951	5899
1953	5911
1953	5912
1953	5913
1957	5938
1957	5939
1957	5940
1957	5941
1957	5942
1957	5943
1961	5962
1968	5980
1968	5981
1968	5982
1977	6005
1977	6006
1977	6007
1979	6029
1979	6030
1979	6031
1979	6032
1979	6033
1981	6046
1981	6047
1982	6053
1987	6066
1987	6067
1997	6086
1999	6093
2014	6126
2014	6127
2014	6128
2017	6139
2019	6147
2021	6159
2021	6160
2021	6161
2022	6168
2022	6169
2040	6211
2040	6212
2040	6213
2046	6231
2046	6232
2046	6233
2049	6243
2059	6267
2059	6268
2062	6294
2062	6295
2062	6296
2062	6297
2062	6298
2062	6299
2062	6300
2069	6319
2070	6332
2070	6333
2070	6334
2075	6347
2076	6353
2091	6390
2091	6391
2091	6392
2096	6407
2096	6408
2102	6419
2104	6428
2104	6429
2105	6461
2105	6462
2105	6463
2105	6464
2105	6465
2105	6466
2105	6467
2105	6468
2105	6469
2113	6494
2113	6495
2115	6508
2115	6509
2115	6510
2118	6522
2119	6529
2119	6530
2121	6541
2121	6542
2126	6556
2126	6557
2130	6571
2130	6572
2152	6602
2167	6629
2167	6630
2167	6631
2171	6641
2175	6656
2175	6657
2175	6658
2180	6671
2187	6686
2187	6687
2194	6707
2194	6708
2194	6709
2207	6728
2224	6756
2231	6768
2238	6780
2241	6789
2241	6790
2245	6803
2245	6804
2246	6811
2246	6812
2257	6829
2269	4583
2270	6859
2270	6860
2270	6861
2271	6872
2271	6873
2271	6874
2302	6920
2302	6921
2306	6934
2315	6949
2322	6963
2332	6979
2358	7019
2361	7028
2375	7054
2375	7055
2379	7068
2379	7069
2379	7070
2394	7107
2394	7108
2394	7109
2394	4585
2394	7110
2408	7137
2435	7192
2437	7201
2445	7217
2445	7218
2450	7239
2450	7240
2450	7241
2450	7242
2450	4586
2452	7255
2452	7256
2453	7262
2477	7303
2477	7304
2488	7337
2488	7338
2488	7339
2488	7340
2488	7341
2495	7357
2506	7378
2528	7413
2543	7438
2543	7439
2543	7440
2580	7498
2582	7505
2582	7506
2592	7525
2593	7531
2608	7559
2608	7560
2626	7593
2626	7594
2633	7607
2635	7614
2637	7623
2637	7624
2640	7635
2640	7636
2647	7651
2664	7684
2664	7685
2664	7686
2668	7697
2683	7726
2687	7737
2687	7738
2690	7746
2765	7853
2771	7869
2780	7891
2783	7902
2783	7903
2785	7911
2792	7927
2801	7944
2802	7950
2809	7971
2809	7972
2809	7973
2813	7985
2813	7986
2819	8002
2819	8003
2819	8004
2825	8025
2825	8026
2825	8027
2831	8044
2831	8045
2840	8074
2840	8075
2840	8076
2840	8077
2840	8078
2840	8079
2846	8096
2846	8097
2858	8124
2858	8125
2858	8126
2859	8140
2859	8141
2859	8142
2859	8143
2867	8165
2867	8166
2877	8194
2877	8195
2877	8196
2877	8197
2886	8224
2886	8225
2894	8248
2894	8249
2894	8250
2895	8259
2897	8268
2897	8269
2902	8280
2903	8287
2906	8301
2906	8302
2908	8310
2909	8315
2917	8342
2917	8343
2917	7531
2930	8368
2943	8396
2943	8397
2961	8427
2961	8428
2968	8450
2968	8451
2968	8452
2984	8479
2985	8491
2985	8492
2985	8493
2995	8514
3001	8530
3011	8547
3012	8558
3012	8559
3012	8560
3013	8567
3016	8579
3016	8580
3017	8593
3017	8594
3017	8595
3028	8616
3030	8624
3040	8651
3040	8652
3040	8653
3050	8681
3050	8682
3050	8683
3050	8684
3050	8685
3053	8708
3053	8709
3053	8710
3053	8711
3054	8720
3054	8721
3056	8728
3056	8729
3064	8746
3073	8765
3079	8783
3079	8784
3086	8797
3092	8814
3092	8815
3094	8822
3096	8829
3105	8847
3105	8848
3111	8861
3112	8870
3112	8871
3124	8898
3124	8899
3127	8909
3127	8910
3149	8946
3153	8955
3157	8972
3157	8973
3157	8974
3158	8984
3158	8985
3162	8998
3162	8999
3170	9012
3181	9041
3181	9042
3188	9055
3195	9072
3195	9073
3199	9083
3202	9101
3202	9102
3202	9103
3202	9104
3209	9119
3216	9131
3218	9140
3218	9141
3223	9162
3223	9163
3223	9164
3223	9165
3223	9166
3226	9177
3228	9187
3228	9188
3261	9246
3284	9304
3284	9305
3284	9306
3284	9307
3284	9308
3291	9324
3298	9337
3299	9345
3299	9346
3300	9353
3300	9354
3311	9381
3311	9382
3311	9383
3311	9384
3312	9394
3312	9395
3319	9409
3331	9435
3335	9446
3339	9457
3339	9458
3362	9492
3362	9493
3366	9505
3367	9512
3367	9513
3377	9534
3377	9535
3386	9553
3390	9576
3390	9577
3390	9578
3390	9579
3390	9580
3409	9633
3409	9634
3409	9635
3409	9636
3409	9637
3409	9638
3410	9653
3410	9654
3410	5915
3411	9662
3412	9670
3412	9671
3419	9691
3419	9692
3422	9703
3422	9704
3427	9721
3427	9722
3427	9723
3429	9738
3429	9739
3429	9740
3435	9757
3440	9774
3440	9775
3451	9794
3451	9795
3452	9802
3452	9803
3453	9810
3461	9840
3461	9841
3461	9842
3461	9843
3461	9844
3461	9845
3470	9876
3470	9877
3470	9878
3470	9879
3474	9898
3474	9899
3474	9900
3482	9926
3482	9927
3482	9928
3502	9975
3502	9976
3502	9977
3502	9978
3502	9979
3503	9992
3503	9993
3503	9994
3504	10002
3506	10010
3508	10023
3508	10024
3508	10025
3511	10044
3511	10045
3511	10046
3511	10047
3517	10075
3517	10076
3517	10077
3517	10078
3518	10097
3518	10098
3518	10099
3518	10078
3518	10100
3519	10110
3519	10111
3539	10150
3539	10151
3546	10166
3549	10176
3549	10177
3556	10189
3561	10208
3561	10209
3561	10210
3568	10225
3589	10261
3589	10262
3589	10263
3590	10270
3591	10277
3591	10278
3609	10313
3619	9775
3619	10341
3619	2676
3623	10351
3625	10358
3640	10386
3647	10403
3647	10404
3651	10418
3651	10419
3653	10426
3672	10458
3672	10459
3678	10472
3680	10483
3680	10484
3680	10485
3684	10503
3684	10504
3684	10505
3687	10521
3687	10522
3687	10523
3690	10537
3690	10538
3690	10539
3692	10560
3692	10561
3692	10562
3692	10563
3692	10564
3694	10574
3703	10594
3716	10620
3716	10621
3731	10648
3731	10649
3732	10656
3756	10696
3767	10719
3767	10720
3767	10721
3767	10722
3791	10772
3791	10773
3791	10774
3791	10775
3806	10798
3820	10832
3820	10833
3820	10834
3820	10835
3820	10836
3820	10837
3821	10847
3823	10862
3823	10863
3823	10864
3823	10865
3828	10882
3828	10883
3831	10894
3831	10895
3832	10905
3832	10906
3833	10913
3835	10921
3839	10929
3841	10944
3841	10945
3841	10946
3893	11035
3907	11060
3915	11076
3915	11077
3939	11117
3939	11118
3939	11119
3941	11135
3941	11136
3941	11137
3941	11138
3945	11150
3952	11166
3962	11186
3962	11187
3962	11188
3964	11197
3969	11211
3969	11212
3970	11224
3970	11225
3970	11226
3972	11234
3981	11247
3984	11257
3992	11278
3994	11286
4004	11313
4004	11314
4004	11315
4004	11316
4006	11328
4006	11329
4027	11360
4029	11367
4038	11383
4041	11400
4041	11401
4041	11402
4041	11403
4057	11435
4057	11436
4078	11471
4083	11482
4083	11483
4084	11496
4084	11497
4084	11498
4084	11499
4088	11519
4088	11520
4088	11521
4106	11556
4106	11557
4115	11578
4115	11579
4115	11580
4116	11587
4116	11588
4125	11634
4125	11635
4125	11636
4125	11637
4125	11638
4125	11639
4125	11640
4125	11641
4125	11642
4125	11643
4125	11644
4155	11694
4168	11729
4168	11730
4168	11731
4168	11732
4168	11733
4168	11734
4185	11770
4185	11771
4185	11772
4216	5912
4226	11836
4257	11887
4257	11888
4257	11889
4257	11890
4276	11955
4276	11956
4276	11957
4276	11958
4276	11959
4276	11960
4276	11961
4276	11962
4276	11963
4276	11964
4276	11965
4276	11966
4276	11967
4276	11968
4293	12006
4293	12007
4304	12034
4304	12035
4304	12036
4309	12050
4309	12051
4311	12063
4311	12064
4311	12065
4321	12085
4343	12121
4343	12122
4344	12128
4383	12195
4385	12211
4385	12212
4385	12213
4385	12214
4386	12228
4386	12229
4386	12230
4410	12266
4417	12282
4447	12337
4447	12338
4447	12339
4447	12340
4447	12341
4448	12350
4457	12369
4464	12386
4464	12387
4470	12401
4476	12414
4476	12415
4477	12424
4477	12425
4481	12441
4481	12442
4488	12455
4495	12475
4495	12476
4495	12477
4507	12506
4507	12507
4509	12517
4516	12534
4516	12535
4519	12545
4521	12552
4522	12558
4530	12573
4540	12591
4542	12608
4542	12609
4542	12610
4542	12611
4555	12633
4577	12673
4578	12688
4578	12689
4578	12690
4578	12691
4579	12700
4581	12707
4584	12715
4590	12730
4590	12731
4592	12744
4592	12745
4599	12768
4599	12769
4599	12770
4606	12787
4606	12788
4610	12799
4623	12820
4633	12835
4638	12847
4639	12852
4646	12875
4646	12876
4646	12877
4646	12878
4679	12937
4681	12954
4681	12955
4681	12956
4681	12957
4696	12996
4696	12997
4696	12998
4699	13009
4707	13028
4747	13099
4749	13105
4752	13115
4762	13135
4764	13144
4770	13164
4770	13165
4770	13166
4770	13167
4773	13182
4773	13183
4784	13209
4784	13210
4789	13222
4790	13231
4790	13232
4794	13245
4801	13279
4801	13280
4801	13281
4801	13282
4801	13283
4801	8210
4801	13284
4815	13332
4815	13333
4815	13334
4815	13335
4815	13336
4822	13369
4822	13370
4822	13371
4822	13372
4822	13373
4828	13402
4828	13403
4828	13404
4828	10725
4828	13405
4830	13421
4830	13422
4830	13423
4833	13444
4833	13445
4833	13446
4833	13447
4841	13469
4841	13470
4857	13497
4857	13498
4860	13510
4860	13511
4866	13531
4866	13532
4866	13533
4866	13534
4867	13543
4867	13544
4868	13551
4894	13591
4897	13599
4932	13656
4932	13657
4933	13668
4933	13669
4933	13670
4936	13681
4936	5027
4949	13719
4949	13720
4949	13721
4949	13722
4949	13723
4950	13737
4950	13738
4956	13751
4957	13758
4957	13759
4978	13797
5007	13847
5010	13857
5010	13858
5033	13897
5045	13925
5045	13926
5049	13941
5052	13949
5052	13950
5053	13963
5053	13964
5053	13965
5062	13989
5062	13990
5063	13997
5064	14003
5069	14013
5073	14028
5073	14029
5073	14030
5083	14055
5083	14056
5086	14070
5086	14071
5089	14085
5089	14086
5089	14087
5095	14104
5096	14110
5099	14128
5099	14129
5099	14130
5099	14131
5099	14132
5112	14161
5125	14186
5155	14237
5171	14268
5171	14269
5172	14277
5172	14278
5182	14299
5204	14335
5207	14342
5221	14368
5221	14369
5232	14394
5232	14395
5241	14422
5241	14423
5249	14441
5249	14442
5250	14448
5255	14460
5264	14483
5264	14484
5266	14492
5275	14510
5276	14523
5276	14524
5276	14525
5276	14526
5277	14534
5278	14540
5280	14546
5288	14566
5299	14592
5299	14593
5301	14602
5301	14603
5304	14614
5311	14637
5311	14638
5311	14639
5311	14640
5311	14641
5316	14653
5321	14668
5321	14669
5321	330
5328	14691
5328	14692
5328	14693
5330	14703
5332	14732
5332	14733
5332	14734
5332	14735
5332	14736
5332	14737
5332	14738
5332	14739
5332	14740
5358	14799
5358	14800
5358	14801
5358	14802
5358	14803
5366	14832
5366	14833
5366	14834
5366	14835
5366	14836
5375	14856
5385	14877
5385	14878
5386	14890
5386	14891
5386	14892
5393	14921
5393	14922
5393	14923
5393	14924
5393	14925
5393	14926
5394	14936
5396	14947
5396	14948
5396	14949
5400	14959
5411	14985
5411	14986
5412	14999
5412	15000
5412	15001
5412	15002
5423	15028
5423	15029
5427	15042
5432	15055
5432	15056
5436	15068
5436	15069
5447	15095
5447	15096
5449	15110
5449	15111
5449	15112
5452	15121
5457	15151
5457	115
5457	15152
5457	15153
5457	15154
5457	15155
5457	15156
5457	15157
5469	15190
5469	15191
5474	15206
5474	15207
5483	15227
5487	15237
5487	15238
5491	15253
5491	15254
5492	15265
5492	15266
5492	15267
5519	15318
5519	15319
5519	15320
5521	15332
5535	15358
5535	15359
5538	15389
5538	15390
5538	15391
5538	15392
5538	15393
5538	15394
5538	15395
5538	15396
5542	15415
5542	15416
5554	15440
5556	15450
5556	15451
5575	15495
5579	15509
5579	15510
5584	15521
5593	15540
5593	15541
5601	15563
5603	15573
5603	15574
5604	15584
5604	15585
5619	15617
5619	15618
5619	15619
5620	15638
5620	15639
5620	15640
5620	15641
5620	15642
5625	15655
5629	15666
5635	15696
5635	15697
5635	15698
5635	15699
5635	15700
5635	15701
5635	15702
5642	15724
5642	15725
5649	15743
5652	15755
5652	15756
5652	15757
5653	15771
5653	15772
5653	15773
5674	15818
5674	15819
5674	15820
5674	15821
5676	15831
5681	15845
5681	15846
5681	15847
5688	15880
5688	15881
5688	15882
5688	15883
5688	15884
5688	15885
5722	15951
5722	15952
5732	15971
5732	15972
5733	15982
5733	15983
5736	15998
5736	15999
5743	16015
5762	16054
5766	16062
5768	16068
5784	16102
5786	16109
5787	16115
5794	16128
5810	16151
5811	16164
5811	9738
5811	16165
5811	16166
5824	16197
5824	16198
5824	16199
5830	16224
5830	16225
5830	16226
5830	16227
5830	16228
5839	16249
5840	16258
5840	16259
5870	16306
5871	16315
5871	16316
5873	16325
5873	16326
5874	16332
5879	16354
5879	16355
5879	16356
5879	16357
5879	16358
5888	16382
5888	16383
5907	16420
5922	16451
5926	16462
5926	16463
5947	16503
5947	16504
5947	16505
5947	16506
5947	16507
5948	16518
5948	16519
5955	16540
5955	16541
5955	16542
5971	16585
5971	16586
5971	16587
5977	16601
5990	16625
5995	16643
5995	16644
5995	16645
5995	16646
6000	16664
6001	16670
6012	16694
6015	16702
6015	16703
6039	16735
