0	2
0	1
2	5
2	8
3	9
5	13
6	18
6	14
6	15
6	16
12	26
12	27
13	31
14	33
16	40
16	37
16	41
16	45
16	36
16	46
16	42
16	39
17	52
18	75
18	69
18	61
18	55
18	60
18	54
18	68
18	53
18	73
18	71
18	67
18	56
18	62
18	58
18	70
19	80
19	83
19	79
19	78
20	90
20	89
20	85
22	92
23	95
23	97
24	121
24	118
24	107
24	106
24	116
24	111
24	110
24	100
24	125
24	113
24	114
24	109
24	105
24	115
24	99
24	119
25	134
25	135
25	126
25	145
25	131
25	133
25	129
25	140
25	136
25	128
25	137
25	138
26	146
29	155
29	89
29	165
29	156
29	60
29	158
29	160
29	159
29	163
29	162
29	164
29	157
30	239
30	255
30	213
30	271
30	170
30	224
30	189
30	178
30	175
30	234
30	199
30	223
30	259
30	215
30	187
30	241
30	214
30	244
30	173
30	231
30	210
30	205
30	266
30	219
30	174
30	242
30	206
30	177
30	208
30	197
30	232
30	202
30	216
30	218
30	236
30	253
30	261
30	200
30	254
30	233
30	207
30	230
30	171
30	211
30	263
30	201
30	183
30	235
30	221
30	190
30	251
30	256
30	212
30	198
30	191
30	180
30	217
30	181
30	194
30	188
30	179
31	273
31	272
31	276
34	281
34	280
37	290
37	288
37	289
37	292
40	297
40	298
40	301
40	295
41	303
41	302
41	307
43	310
44	313
44	319
44	317
44	316
44	315
46	321
46	324
47	325
48	331
48	330
48	327
48	340
48	339
48	329
48	338
48	335
49	341
49	343
50	355
50	356
50	345
50	359
50	364
50	352
50	350
50	347
50	353
50	357
50	360
50	348
51	365
51	371
51	367
51	368
51	375
51	370
52	377
52	380
52	381
52	379
52	376
53	419
53	450
53	410
53	407
53	400
53	386
53	409
53	405
53	423
53	433
53	449
53	395
53	387
53	422
53	101
53	444
53	389
53	440
53	434
53	442
53	415
53	403
53	385
53	432
53	437
53	412
53	406
53	404
53	436
53	397
53	420
53	418
53	424
53	427
53	428
53	402
53	439
53	399
53	446
53	398
53	431
53	452
53	430
55	476
55	463
55	469
55	459
55	462
55	460
55	477
55	479
55	457
55	250
55	478
55	466
55	467
55	464
55	475
56	487
56	484
56	488
56	483
57	492
57	494
57	495
57	490
57	489
59	508
59	509
59	501
59	506
59	510
59	502
59	504
60	521
60	514
60	517
60	512
60	511
60	520
60	513
60	518
60	515
61	557
61	551
61	578
61	560
61	553
61	548
61	552
61	561
61	573
61	532
61	585
61	530
61	555
61	574
61	542
61	549
61	583
61	539
61	567
61	562
61	568
61	529
61	579
61	556
61	538
61	526
61	563
61	577
61	582
61	584
61	550
61	531
61	535
61	569
61	558
61	554
63	587
63	595
63	594
63	593
63	596
63	592
64	599
64	601
64	598
64	603
64	605
65	606
65	618
65	610
65	609
65	608
65	614
65	89
65	617
65	612
69	623
69	625
69	622
71	629
72	630
74	643
74	652
74	646
74	642
74	645
74	650
74	640
74	647
74	653
74	649
74	644
74	636
74	635
75	669
75	662
75	657
75	666
75	656
75	668
75	670
75	661
75	665
75	663
78	168
78	676
78	89
78	675
78	677
81	684
82	692
82	693
82	687
82	691
83	698
83	696
83	699
83	701
83	702
85	747
85	740
85	63
85	717
85	704
85	751
85	710
85	722
85	706
85	719
85	755
85	733
85	711
85	730
85	754
85	715
85	725
85	714
85	708
85	731
85	737
85	738
85	707
85	723
85	721
85	759
85	734
85	745
85	753
85	724
85	736
85	728
85	239
85	647
85	750
85	746
88	765
88	770
88	762
88	763
88	768
88	764
91	774
94	776
95	783
95	798
95	787
95	784
95	793
95	805
95	781
95	803
95	785
95	808
95	791
95	802
95	806
95	796
95	801
95	807
95	795
97	813
97	826
97	488
97	820
97	811
97	810
97	821
97	815
97	474
97	814
97	816
98	829
98	833
98	827
98	831
98	828
99	834
101	850
101	848
101	864
101	845
101	863
101	856
101	855
101	825
101	854
101	840
101	497
101	853
101	841
101	843
101	837
101	838
101	839
101	865
101	849
102	868
102	870
102	871
103	872
103	875
104	880
104	882
104	877
104	319
104	881
104	878
106	123
108	659
108	889
108	891
109	898
109	893
109	905
109	902
109	899
109	901
109	903
109	896
110	927
110	919
110	928
110	925
110	913
110	922
110	529
110	930
110	924
110	923
110	920
110	918
110	915
110	921
110	931
110	908
111	933
112	936
113	943
113	946
113	942
113	939
113	945
113	944
114	949
114	951
114	948
115	953
116	959
116	957
116	962
116	956
116	963
116	955
117	968
117	969
117	967
121	973
122	979
122	983
122	166
122	976
122	982
122	984
125	988
126	989
128	993
130	997
131	1022
131	1012
131	1000
131	1003
131	1004
131	999
131	1017
131	1001
131	1008
131	1023
131	1010
131	1020
131	1014
131	1018
131	585
131	1016
133	60
134	787
134	1027
134	1028
134	1030
135	1034
136	1036
137	1044
137	1041
137	1053
137	1042
137	1039
137	721
137	1050
137	1047
137	1043
137	1040
137	1051
137	1049
138	1056
141	1062
142	1064
143	1065
144	1069
145	1074
145	1072
145	1071
145	1070
146	1081
146	472
146	1076
146	1083
146	1080
146	1084
148	1088
148	1093
148	1087
148	1092
148	1095
148	1091
150	1103
150	1105
150	466
150	1108
150	116
150	647
150	1104
150	1106
150	455
150	1102
151	1110
151	1114
151	1111
151	1124
151	1113
151	1119
151	1118
151	1125
151	1109
151	1121
153	1152
153	1135
153	1127
153	1141
153	1163
153	1147
153	1162
153	1145
153	1134
153	1131
153	1151
153	168
153	1167
153	1144
153	1156
153	1165
153	1136
153	1159
153	1146
153	1143
153	1158
153	1161
153	1160
153	1139
153	1149
153	1128
153	1132
153	1150
154	1172
155	1174
156	1205
156	1183
156	1197
156	1200
156	1184
156	1201
156	1179
156	1187
156	1180
156	1191
156	1192
156	1202
156	1188
156	1196
156	1193
156	1182
156	1185
156	1199
156	1203
158	1209
158	1208
158	1207
159	1212
160	1214
162	1216
163	1220
163	789
163	1222
163	1223
164	1227
164	1229
164	1226
165	1313
165	1281
165	1266
165	1242
165	1258
165	1279
165	1238
165	1295
165	1294
165	1302
165	1309
165	1273
165	1260
165	1236
165	1325
165	1241
165	1270
165	1312
165	1293
165	1321
165	1296
165	1320
165	1297
165	1305
165	1285
165	1265
165	1244
165	1261
165	1310
165	1267
165	1262
165	1287
165	1239
165	1250
165	1300
165	1271
165	1232
165	1315
165	1299
165	1308
165	1234
165	1255
165	1306
165	1248
165	1298
165	1319
165	1284
165	1323
165	1318
165	1272
165	1245
165	1246
165	1291
165	1322
165	1290
165	1311
165	1307
167	1336
167	1349
167	455
167	1335
167	1346
167	1328
167	1341
167	1340
167	1330
167	1344
167	1327
167	1339
167	1347
167	1351
167	1329
167	1343
169	1386
169	1357
169	1356
169	1372
169	1366
169	1369
169	1368
169	1376
169	1360
169	1373
169	1391
169	60
169	1365
169	1382
169	614
169	1171
169	1392
169	1388
169	1378
169	1359
169	1394
169	1363
169	1385
169	1358
169	1361
169	1389
169	1374
170	1398
170	1401
170	1397
170	1402
172	1412
172	1411
172	1409
172	1419
172	1413
172	1418
172	1408
172	1416
172	1410
172	1417
173	1423
173	1422
174	1438
174	1450
174	1440
174	1458
174	1445
174	1439
174	1443
174	1453
174	1441
174	1449
174	1426
174	1435
174	1446
174	1437
174	1462
174	1457
174	1447
174	1444
174	1463
174	1459
174	1464
174	1452
174	1460
174	1467
174	1434
174	1472
174	438
174	1425
174	1448
174	466
174	1451
176	1479
176	1476
176	1482
176	1480
176	1486
176	1478
176	1484
178	1490
178	1501
178	1500
178	1492
178	1499
178	1496
178	1494
181	1504
183	1517
183	1513
183	1518
183	1509
183	1516
183	1519
183	1514
183	1520
183	1528
183	1510
183	1507
183	1523
183	1512
184	1530
185	1532
186	1537
186	1542
186	1534
186	1536
186	1543
186	1544
187	1549
187	1551
187	1547
187	1552
188	1554
189	1562
189	1564
189	1559
189	1565
189	1571
189	1570
189	1556
189	1569
189	1561
189	1572
190	1574
190	1579
190	1587
190	1586
190	1584
190	1581
190	1583
190	529
190	1573
191	1588
192	1590
192	1594
192	1595
192	89
192	1597
192	1593
192	1598
192	1600
193	1602
193	629
193	1604
194	1614
194	1609
194	1606
194	1605
194	1608
194	383
195	1624
195	1617
195	1627
195	1629
195	1621
195	1625
195	1620
195	1628
195	1622
195	1630
195	1626
196	1633
197	1639
197	1642
197	1641
197	1656
197	1650
197	1646
197	1637
197	1651
197	1645
197	1636
197	1649
197	72
197	1647
197	1654
198	1667
198	1662
198	1660
198	1665
198	1668
198	1661
199	1669
200	1684
200	1680
200	1682
200	1692
200	1690
200	1681
200	1685
200	1679
200	1676
200	1683
200	593
200	116
200	1673
200	1686
200	1687
201	1715
201	1704
201	1714
201	1695
201	1713
201	1709
201	1712
201	789
201	1611
201	1125
201	1095
201	862
201	1707
201	1702
201	613
201	1701
201	1703
201	1700
203	1722
203	1738
203	1729
203	1724
203	1743
203	1735
203	1727
203	1728
203	1721
203	1719
203	1730
203	1741
203	1747
203	1731
203	1725
203	1732
203	1739
203	1745
203	65
204	1749
204	1751
205	1758
205	1756
205	1754
205	1752
206	1763
206	1767
206	1764
206	1766
206	864
206	1768
206	1759
207	1771
208	1772
209	1780
209	1776
209	1778
209	524
209	1777
209	1781
209	125
210	1787
210	67
210	1370
210	1788
211	1819
211	1816
211	1541
211	1808
211	1802
211	1806
211	1794
211	1790
211	1826
211	1793
211	1811
211	317
211	1831
211	1820
211	1810
211	1824
211	1830
211	1813
211	1796
211	1832
211	1807
211	1835
211	1789
211	1804
211	853
211	1791
211	49
211	1798
211	1818
211	1801
211	1834
212	1851
212	1862
212	1843
212	1839
212	1861
212	1847
212	870
212	1857
212	930
212	1848
212	1858
212	1852
212	1865
212	1859
212	1845
212	1864
212	1853
212	1838
212	1849
214	1541
214	1876
214	1868
214	89
214	1874
214	1873
214	1687
214	1870
214	1869
214	1875
215	1879
215	1882
216	1883
217	1891
217	863
217	1885
217	1888
217	1884
218	693
218	1901
218	1898
218	1903
218	1899
218	1896
218	1893
218	1892
219	1906
219	1907
220	1909
220	1915
220	1913
220	1918
220	1916
220	1908
222	1921
222	1922
222	1924
222	1925
223	1934
223	1935
223	1929
223	1928
223	1931
224	1944
224	1939
224	1940
224	1947
224	1937
224	1948
224	1941
224	432
225	1970
225	1964
225	1954
225	1963
225	1956
225	524
225	1969
225	1961
225	1965
225	1953
225	63
225	1951
225	1959
225	1958
225	1949
225	1955
226	1971
227	1975
227	1978
227	49
227	800
227	1974
227	1977
227	1979
227	1988
227	1981
227	1992
227	1972
227	1985
227	1989
227	789
227	1987
228	2012
228	2016
228	2001
228	2033
228	2036
228	2007
228	2011
228	2034
228	2022
228	49
228	2030
228	2005
228	384
228	1995
228	2027
228	2025
228	2031
228	2026
228	2013
228	1999
228	800
228	2017
228	2004
228	2008
228	2020
228	2002
228	1996
229	2042
229	2039
229	2050
229	2043
229	2046
229	2053
229	2037
229	2044
229	478
229	2040
229	2038
229	2041
230	2059
230	2066
230	2065
230	2057
230	2055
230	2070
230	2069
230	2060
230	2071
230	2056
231	2076
231	2074
231	2079
231	2080
231	2075
231	2077
232	2091
232	2089
232	63
232	2086
232	2093
232	2081
232	168
232	2084
232	2087
232	2092
232	2085
232	2021
232	2082
233	2114
233	2109
233	2116
233	2133
233	2126
233	2129
233	2131
233	2122
233	493
233	2118
233	2108
233	2125
233	2101
233	2130
233	2107
233	2132
233	2113
233	2105
233	2099
233	2121
233	2102
233	2134
233	2110
233	2115
233	2128
234	2137
234	2138
236	2142
237	2147
237	2145
237	2148
238	2151
240	2154
240	2153
240	2155
241	2160
241	2159
241	84
242	2166
242	2162
242	2164
243	2168
243	2170
243	2169
244	2177
244	2172
244	2181
244	2179
244	2186
244	2184
244	2182
244	2188
244	2180
244	524
244	2174
244	2190
244	800
245	2191
245	2221
245	2206
245	2199
245	2202
245	89
245	2211
245	2227
245	2210
245	2215
245	2198
245	2203
245	2217
245	2194
245	2196
245	2193
245	2220
245	2197
245	2192
245	2222
245	2200
245	2214
245	2218
245	2201
246	2263
246	2053
246	2256
246	2244
246	2257
246	2264
246	2253
246	2243
246	2268
246	2233
246	613
246	2235
246	2231
246	1223
246	2240
246	2248
246	2237
246	2242
246	2247
246	2250
246	2252
246	2254
246	2234
246	2245
246	2246
246	2229
246	2260
246	2265
246	2267
246	2236
247	116
247	2272
247	2276
247	2270
247	2274
249	2278
252	2287
252	2283
252	1927
252	2285
252	2295
252	847
252	2290
252	2296
252	748
252	2286
252	2297
252	905
252	2291
252	2293
253	2301
254	2325
254	2333
254	2332
254	2307
254	2309
254	2310
254	2322
254	2320
254	2304
254	2327
254	2311
254	2317
254	2303
254	2306
254	2305
254	363
254	2318
254	2324
254	2321
256	2362
256	2345
256	2350
256	2358
256	2349
256	2335
256	2344
256	2336
256	2352
256	2346
256	2341
256	626
256	2347
256	2354
256	2356
256	2343
256	2340
256	2351
256	2339
257	2365
258	2369
258	2368
258	2366
259	2372
261	2379
261	2378
261	2377
261	2380
262	2390
262	2386
262	2389
262	2382
262	2383
263	2391
263	2398
263	2392
263	2396
264	2402
264	2405
264	2414
264	2403
264	2411
264	2399
264	2404
264	2415
264	825
264	2406
264	2409
266	2419
266	2418
267	2422
268	2429
268	2423
268	2426
268	2432
268	2431
268	2425
269	2434
270	2437
271	2439
278	2448
278	2450
278	2451
279	2452
279	2455
279	2453
280	2459
280	2460
280	2457
281	2465
281	2464
281	2463
282	2467
282	2474
282	2475
282	2477
282	2471
282	2476
285	2504
285	2532
285	2500
285	1528
285	2555
285	1218
285	2487
285	2519
285	2558
285	2545
285	2565
285	2490
285	2559
285	2557
285	2542
285	2549
285	2534
285	2481
285	2509
285	2551
285	2508
285	2496
285	721
285	2537
285	2493
285	2516
285	2515
285	2506
285	2507
285	2483
285	2526
285	2543
285	2488
285	2552
285	2521
285	2525
285	2540
285	2527
285	2561
285	2499
285	2530
285	2556
285	2482
285	2531
285	2539
285	2480
285	2520
285	2513
285	2564
285	2514
285	2560
285	2528
285	361
285	2522
285	2505
286	2566
288	2571
289	2582
289	2594
289	2606
289	518
289	2587
289	2592
289	2622
289	2625
289	2572
289	1750
289	2595
289	2577
289	2601
289	2612
289	2605
289	2593
289	2588
289	2603
289	2609
289	2617
289	2610
289	2573
289	2581
289	2618
289	2583
289	2596
289	2619
289	2575
289	2579
289	2598
289	2600
289	1052
289	2574
289	466
291	2628
291	2630
291	2627
292	2633
292	2634
292	2636
294	60
296	2643
297	2652
297	2646
297	2654
297	2657
297	2658
297	2651
297	2659
297	2662
297	2648
297	2653
297	2661
298	2664
298	2668
298	2665
298	2667
299	2683
299	2692
299	2691
299	2679
299	2686
299	2670
299	2676
299	2690
299	2674
299	2678
299	1090
299	2227
299	2673
299	2694
299	2688
299	2672
301	49
301	2698
301	2696
302	2723
302	2719
302	2715
302	2707
302	1629
302	2722
302	2720
302	2710
302	2709
302	2705
302	2706
302	2721
302	2187
302	2713
302	2718
302	2701
304	2727
305	1682
306	2736
306	2733
306	2732
306	2730
306	2735
307	2739
308	2746
308	2747
308	2743
308	2749
308	2755
308	2753
308	2750
308	2758
308	2742
308	2757
309	2761
310	2770
310	2766
310	2767
310	2765
310	2769
310	2768
311	2771
312	2773
313	2776
314	2780
314	2778
315	2783
316	2787
316	2792
316	2784
316	2788
316	2785
316	2790
317	2796
317	2795
319	2802
319	2830
319	2810
319	2813
319	2845
319	2836
319	2815
319	2841
319	2804
319	2825
319	2834
319	1465
319	2827
319	1627
319	2843
319	60
319	2849
319	1092
319	2822
319	2835
319	2840
319	2803
319	1402
319	2842
319	2800
319	2844
319	2814
319	2847
319	2839
319	2820
319	2821
319	2829
319	2808
319	2823
321	2853
322	2854
322	2857
323	2859
324	2862
325	2867
325	2221
325	2866
325	2869
325	2863
326	2872
327	2878
327	2883
327	2880
327	2875
327	2882
327	2885
327	2874
327	2873
328	2902
328	2913
328	2914
328	1786
328	2906
328	2898
328	789
328	2907
328	2910
328	2909
328	2892
328	2896
328	2908
328	2905
328	2912
328	2899
328	2897
328	2888
328	2901
329	2931
329	168
329	2928
329	2950
329	2940
329	2944
329	2930
329	2923
329	2921
329	2938
329	2920
329	1681
329	2922
329	2919
329	2916
329	1811
329	2929
329	2939
329	2918
329	2942
329	800
329	163
329	2915
329	826
329	2937
329	2934
329	853
329	2952
329	2924
329	804
329	964
329	2619
329	2945
330	2958
330	2957
330	2954
330	2960
332	2973
332	89
332	2971
332	2962
332	2965
332	2967
332	2420
332	2966
332	2974
332	2380
332	789
332	2964
332	2975
333	2978
333	60
333	2982
333	2980
334	3009
334	3002
334	3008
334	2994
334	2978
334	2987
334	2986
334	2985
334	2996
334	2989
334	60
334	2997
334	3005
334	862
334	2988
334	2992
334	3007
334	2984
334	3004
335	3013
335	3014
335	3016
336	3027
336	3020
336	3017
336	3019
336	3028
336	3024
336	2420
336	3030
336	3025
336	3021
337	3034
337	3032
337	3033
339	3038
340	3050
340	3045
340	3046
340	3047
340	3049
340	3042
342	3058
342	3057
342	3060
342	3055
342	3054
343	3064
343	3074
343	3075
343	3069
343	3062
343	3073
343	3066
343	3063
343	3071
343	524
344	3078
345	3079
346	3084
346	3085
346	3086
346	3089
346	3092
346	3090
346	3091
347	3095
348	3122
348	3100
348	1074
348	3101
348	3096
348	3116
348	3125
348	3128
348	3117
348	3132
348	3107
348	3109
348	3121
348	3118
348	3127
348	3130
348	1393
348	2135
348	3126
348	3113
348	317
348	3099
348	3108
348	3097
348	84
350	3137
350	3135
350	3138
352	3146
352	3150
352	3148
352	3140
352	3149
352	3141
352	3142
356	3170
356	860
356	101
356	3162
356	3168
356	3165
356	3161
356	3160
356	3149
356	3158
356	168
356	3156
356	800
356	3167
356	3157
357	3171
357	3199
357	3184
357	3204
357	3189
357	3205
357	3180
357	3188
357	3201
357	3178
357	3193
357	3175
357	3186
357	3203
357	3190
357	3200
357	3182
357	3195
357	3176
357	3192
357	2585
357	3197
358	3206
359	3210
359	3211
359	3216
359	3214
359	3209
359	3207
361	3219
362	3221
362	3230
362	3222
362	3224
362	3227
362	3225
362	3220
363	693
363	3231
366	3247
366	3239
366	3248
366	3246
366	3244
366	3241
366	3238
367	3253
367	3250
367	89
370	3257
370	3258
371	3260
372	3268
372	3263
372	60
372	3271
372	3275
372	89
372	472
372	864
372	3270
372	3276
372	3278
372	3269
372	3264
372	3281
372	3280
376	3285
377	3289
377	3291
377	738
377	3290
379	3300
379	3296
379	1095
379	3295
381	3302
381	3305
381	3304
382	3309
382	3310
384	3316
384	3313
386	3318
386	3321
386	3324
386	3326
386	1125
386	3328
386	3322
389	3331
389	3337
389	3335
389	3336
393	3343
393	3360
393	3350
393	3354
393	3356
393	1385
393	3355
393	1121
393	3346
393	524
393	1392
393	3359
393	3358
393	3353
393	3344
394	3376
394	3368
394	1090
394	432
394	3375
394	3370
394	3365
394	1018
394	3372
394	585
394	1223
394	3367
395	3377
399	3383
399	3385
400	3386
400	3389
400	3388
401	3391
401	3399
401	3396
401	3397
401	3394
402	3406
402	3402
402	3407
402	3400
402	3401
403	3410
403	3412
403	3409
407	3439
407	3425
407	3435
407	3416
407	3432
407	3419
407	3434
407	3421
407	3428
407	3418
407	3436
407	3426
407	3423
407	3422
407	3417
408	3440
409	3442
409	3445
409	3446
410	3452
410	3448
410	3447
411	3456
411	3458
411	3453
413	1074
413	3468
413	3467
413	3465
413	3466
413	3464
414	3471
416	3473
417	168
417	3478
417	3476
420	3483
421	3484
422	3486
423	3490
423	3493
423	3500
423	3488
423	1391
423	3495
423	3494
423	3498
424	3502
424	3503
424	3506
425	3512
425	3508
425	3515
425	3507
425	3511
425	3513
426	3517
428	3524
428	3521
428	3522
433	3532
433	3533
435	3536
435	3537
437	3540
439	3543
440	3549
440	3548
440	3545
441	3553
441	3552
442	3555
442	3557
444	3562
444	3560
444	3570
444	3561
444	3564
444	3563
444	2585
444	3571
444	3572
444	2420
445	3587
445	3583
445	3575
445	3585
445	3580
445	3582
445	3586
445	3576
445	3579
445	3574
446	3588
447	3605
447	3610
447	3603
447	3601
447	3608
447	3600
447	3606
447	3612
447	3593
447	3614
447	3594
447	3599
447	3595
447	3613
447	3611
448	3618
448	2053
448	3621
448	3620
451	3642
451	3638
451	2097
451	3626
451	3629
451	3630
451	3636
451	3628
451	3634
451	3627
451	1979
451	3635
452	3645
452	3644
452	3647
453	3664
453	3648
453	3658
453	3653
453	3659
453	3661
453	3660
453	3652
453	3170
453	3650
453	168
453	3651
453	3656
453	3666
453	3654
454	3669
456	3672
456	3680
456	3683
456	1391
456	101
456	3678
456	3686
456	3687
456	3676
456	3681
456	1486
456	3679
456	1543
456	3675
456	3673
456	1833
457	789
457	3689
457	3693
457	3692
460	1989
460	3698
460	3706
460	1876
460	3699
460	3704
460	693
460	3700
460	3707
461	3712
461	3711
461	3709
463	1927
463	3722
463	3718
463	3726
463	3716
463	3719
463	3727
463	3720
463	3664
463	3723
464	3730
464	3728
469	3735
470	3742
470	3741
470	3739
471	3743
472	3748
472	3745
472	2844
472	3754
472	1528
472	3756
472	3746
472	3749
472	3759
472	3757
472	3752
472	3747
475	3766
475	3765
475	3764
476	3768
477	3772
477	3773
478	3795
478	3789
478	3791
478	3787
478	3774
478	3794
478	2415
478	2619
478	3779
478	3788
478	3786
478	3775
478	3797
478	3777
478	3790
478	3796
478	3784
478	3793
478	3799
479	3811
479	3808
479	3809
479	168
479	3802
479	3806
479	3805
479	3816
479	3803
479	3807
479	3812
480	1631
480	3828
480	3826
480	3825
480	474
480	2415
480	3820
480	3827
480	3819
482	3833
482	1541
482	3834
482	3830
482	3831
483	3838
483	3837
486	3856
486	3862
486	3842
486	3848
486	3860
486	3851
486	3858
486	3865
486	60
486	1391
486	3859
486	3852
486	3849
486	3843
486	3850
486	3854
486	3863
486	859
486	3861
487	3887
487	3884
487	1528
487	3885
487	60
487	3878
487	3873
487	3883
487	3888
487	1092
487	3880
487	3881
487	3877
487	3871
487	3872
488	3892
489	3898
489	3897
489	3895
489	3894
489	1382
489	3899
492	3907
492	3905
495	3910
496	3923
496	3921
496	3916
496	3920
496	3914
496	3919
496	3917
497	3926
497	3931
497	3925
497	3924
497	3930
497	3929
499	3934
500	3948
500	3946
500	3945
500	2844
500	3938
500	3667
500	3940
500	3947
500	3943
500	721
500	799
500	3937
501	3949
501	3954
501	3951
502	3955
503	3964
503	3962
503	3959
503	3960
503	3961
504	3966
504	3967
506	3975
506	3971
506	3973
507	3976
511	3982
512	3996
512	3687
512	3990
512	3985
512	4000
512	3994
512	3986
512	340
512	3984
512	4002
512	3991
512	3988
512	3998
512	3997
513	4006
514	4011
514	4009
514	593
515	4012
516	4016
518	4019
519	4021
520	4025
520	4035
520	4037
520	4027
520	4031
520	4028
520	4041
520	4032
520	4043
520	4030
520	4024
520	4039
520	4023
520	4042
520	4034
521	4048
521	4050
522	4054
522	4053
522	1848
523	4059
523	4056
523	4058
524	4063
524	4060
524	4065
524	4062
526	4070
527	4077
527	4079
527	4085
527	4071
527	4084
527	4082
527	4072
527	4080
527	4081
527	4073
528	4093
528	4091
528	4092
528	4094
529	931
529	1541
530	4100
530	4098
531	4103
532	4105
534	4111
534	4109
534	4108
535	4113
536	4115
538	4134
538	4119
538	4123
538	4132
538	4130
538	4122
538	4121
538	4126
538	4120
538	4127
540	4137
541	4138
542	4145
542	3941
542	4141
542	101
542	4143
542	4140
542	4158
542	4170
542	4175
542	1687
542	4163
542	4169
542	4154
542	49
542	3010
542	4172
542	4142
542	4160
542	4150
542	4144
542	4156
542	4159
542	4152
542	4147
542	4155
542	4162
542	1814
543	4178
543	4177
543	4183
543	4179
543	4188
543	4187
543	4182
544	4191
544	4190
547	4199
547	4198
547	4201
547	4196
547	1993
547	4203
547	4197
547	4200
548	4207
549	2247
549	4214
549	4215
549	4210
549	1171
549	4223
549	4216
549	4227
549	3790
549	4225
549	4221
549	4222
549	4226
550	789
550	4233
550	4228
550	4235
550	4231
550	1541
550	4232
550	4230
551	4241
551	4239
551	4243
551	4240
552	825
552	1856
552	4251
552	4253
552	2032
552	4255
552	4252
552	4258
552	4247
552	4254
553	3946
553	4295
553	4276
553	4288
553	4296
553	4281
553	4264
553	4277
553	4261
553	4282
553	4274
553	4283
553	4266
553	4292
553	4280
553	4271
553	116
553	4285
553	4263
553	4279
553	4291
553	1692
553	4272
553	4260
553	4284
553	1023
554	4298
556	1031
556	4304
556	431
556	4307
556	4305
556	4309
556	4306
556	4310
556	4308
556	4312
556	4301
556	4302
556	4303
557	4323
557	4326
557	4322
557	4329
557	4331
557	4332
557	4328
557	4321
558	4334
559	4344
559	4338
559	4336
559	4341
559	4345
559	3030
559	4342
559	4343
563	4357
563	4353
563	4361
563	4365
563	4355
563	4351
563	4359
563	4368
563	4364
563	4360
564	4370
565	4386
565	3675
565	4385
565	4375
565	4383
565	4376
565	4379
565	4380
565	4377
565	4381
566	4396
566	4401
566	4410
566	4393
566	4402
566	4397
566	4405
566	4399
566	4400
566	4388
566	1051
566	4389
566	4409
566	4390
566	524
566	4387
566	4392
567	4413
568	4433
568	4428
568	89
568	787
568	4426
568	4430
568	145
568	4423
568	4432
568	4424
568	4437
568	4416
568	153
568	4431
568	4429
568	4435
568	924
568	4422
568	4417
569	787
569	4453
569	4463
569	4440
569	4429
569	613
569	4449
569	2605
569	4443
569	4444
569	4448
569	4452
569	4454
569	4447
569	4450
569	4439
569	145
569	4451
569	4441
569	817
569	618
569	4457
569	2661
569	2131
569	4461
569	4460
571	4470
572	4471
573	4473
574	4480
574	4477
574	1095
574	789
574	4479
574	4481
574	4478
575	4494
575	101
575	2894
575	4495
575	4497
575	4493
575	63
575	60
575	4490
575	4496
575	4491
575	4492
575	1392
576	4502
576	4499
576	4500
578	4512
578	4506
578	805
578	4508
578	1903
578	4238
578	4526
578	162
578	4518
578	507
578	4505
578	466
578	4507
578	626
578	4523
578	4516
578	4515
578	4524
578	4521
578	4520
578	4525
579	4530
579	4528
579	4527
581	4533
582	4541
582	817
582	2094
582	4537
582	4540
582	4536
582	4535
582	4534
582	4538
583	4547
583	89
583	4553
583	964
583	4554
583	4549
586	4561
586	4562
586	4558
587	4564
588	1541
588	4567
588	808
588	4565
588	4570
588	4238
588	4571
588	4568
588	4566
588	800
590	4581
590	1786
590	2120
590	4579
590	4577
591	4586
591	4582
591	4584
592	4592
592	4589
592	4591
592	3742
593	4595
593	4596
593	4593
593	4598
594	4604
594	4603
595	4605
597	4613
597	4610
597	4609
598	4617
598	4616
598	4626
598	4627
598	4625
598	4487
598	101
598	4621
598	4618
598	4614
599	4630
599	4632
599	340
600	4633
600	659
600	4643
600	4635
600	4639
600	4636
600	4634
601	4653
601	4652
601	4647
601	4655
601	4657
601	4661
601	4650
601	4649
601	4654
601	4645
601	4658
602	4662
603	4673
603	4668
603	4666
603	2332
603	4675
603	4671
603	4672
603	4667
603	4677
603	60
604	4692
604	4689
604	1856
604	4727
604	4708
604	3107
604	4679
604	4686
604	4631
604	4685
604	4711
604	4715
604	4700
604	101
604	4728
604	4709
604	4713
604	4681
604	2223
604	2899
604	4687
604	4703
604	4712
604	4688
604	4694
604	4682
604	4701
604	4722
604	4710
604	4704
604	4698
604	4706
604	4693
604	4723
604	4724
604	4714
604	49
604	4707
604	4680
604	4720
605	4730
605	4732
605	4731
608	4736
610	4740
611	4744
611	4747
611	4741
611	4746
611	4748
611	4570
613	4752
615	4754
615	4757
616	4759
617	4763
618	4767
618	4765
618	2653
622	4772
623	3675
623	4775
623	4787
623	4779
623	4780
623	4785
623	4788
623	4777
623	4773
623	4774
623	4782
624	4789
626	4793
626	870
626	4792
627	4796
629	4802
629	4801
629	4808
629	4799
629	659
629	4811
629	1541
629	4804
629	4807
629	4803
629	4812
630	4818
630	4816
630	4815
633	4854
633	4846
633	4834
633	4847
633	846
633	4839
633	4848
633	4835
633	4837
633	4831
633	4825
633	1417
633	4830
633	4844
633	4827
633	2661
633	1473
633	4843
633	4833
633	4845
633	2836
633	4849
635	4867
635	4874
635	4856
635	4870
635	804
635	1051
635	3278
635	4861
635	4866
635	4869
635	4864
635	4871
635	4868
635	4862
635	4859
637	4881
637	4880
637	4879
637	4882
638	3011
638	4890
638	4899
638	4884
638	4888
638	1989
638	2049
638	4900
638	708
638	4894
638	4885
638	493
638	4892
638	4897
639	4903
639	89
639	4905
640	4909
642	4919
642	4921
642	4911
642	4913
642	4917
642	4920
642	4922
642	4912
645	4927
648	4934
649	4935
649	4936
651	4941
652	4945
653	4953
653	4946
653	4947
653	4954
653	4950
653	524
656	1611
656	4972
656	4969
656	3073
656	4965
656	4958
656	4970
656	497
656	524
656	4971
656	319
656	4966
656	4963
656	2420
656	2227
657	4983
657	4980
657	466
657	4978
657	4974
657	4984
657	4981
657	4979
660	4997
660	5001
660	4995
660	4994
660	4988
660	4989
660	3796
660	4992
660	4999
660	4987
661	5002
662	5012
662	5013
662	1823
662	5015
662	5007
662	5021
662	5009
662	5018
662	5008
662	5016
662	5022
662	5005
662	5017
662	5025
662	5023
664	5030
664	2623
664	5032
664	5029
665	5034
666	5038
669	5042
671	5052
671	5045
671	397
671	5047
671	5044
671	5046
671	1541
672	5054
673	636
677	5059
678	5063
680	5079
680	5067
680	5082
680	89
680	383
680	5081
680	5069
680	5073
680	5074
680	5075
680	5080
680	5083
680	5071
680	5068
680	3742
680	3948
680	5065
680	756
686	5090
686	5095
686	86
686	5098
686	1169
686	853
686	5093
686	5100
686	5096
689	5104
689	5107
689	5105
691	5110
691	5120
691	5123
691	5122
691	5121
691	5115
691	476
691	5117
691	5119
691	5113
693	5127
694	476
694	5133
694	5138
694	5144
694	693
694	5141
694	5140
694	5130
694	5132
694	5131
694	5145
694	5143
694	4028
695	5149
695	5148
695	5146
698	1393
698	5157
698	301
698	5160
698	5162
698	5153
698	5163
698	5154
698	5158
698	5159
701	5228
701	1106
701	5222
701	5205
701	5190
701	5173
701	168
701	5184
701	5206
701	5174
701	5216
701	5219
701	438
701	5212
701	5178
701	5169
701	5196
701	5170
701	5220
701	5226
701	5200
701	5181
701	5175
701	5223
701	1168
701	5208
701	431
701	5194
701	5232
701	4154
701	5217
701	5179
701	5189
701	5230
701	5197
701	5229
701	5221
701	5225
701	5203
701	5176
701	5186
701	5188
701	5214
701	5211
701	5215
701	3230
705	5237
707	5240
708	625
708	5243
708	5251
708	5253
708	5264
708	5260
708	5245
708	5258
708	5267
708	5250
708	5254
708	5266
708	5259
708	5255
708	5263
708	5247
710	5271
710	5275
710	5269
710	5274
710	5272
710	5273
710	5270
711	5283
712	5288
712	5289
712	5286
714	5292
714	5294
715	5295
718	1943
718	5303
718	5304
718	123
718	799
718	5317
718	524
718	228
718	5306
718	5309
718	5314
718	5315
718	5311
718	5307
718	5305
718	5318
718	4411
718	5313
718	789
718	5316
718	1152
719	5319
722	5382
722	5344
722	123
722	5369
722	5353
722	319
722	693
722	1487
722	5341
722	5380
722	5374
722	5326
722	5378
722	5339
722	5337
722	5360
722	5349
722	5359
722	5372
722	5355
722	5381
722	804
722	789
722	5370
722	5331
722	5361
722	5358
722	5356
722	5325
722	5354
722	1031
722	5352
722	5323
722	5375
722	5362
722	5324
722	5363
722	863
722	5338
722	2523
722	5347
722	4466
722	5367
722	5342
722	5328
722	507
727	5394
727	5400
727	5390
727	5397
727	5395
727	5391
727	5388
728	5401
728	5402
728	5406
729	5407
729	5408
729	5412
729	4524
729	5416
729	5415
729	5414
731	5419
732	5421
734	5425
735	5428
736	5430
737	5434
739	5437
741	5439
742	5454
742	5449
742	5441
742	5458
742	5450
742	5443
742	5455
742	693
742	5459
742	5445
742	5448
742	101
742	5231
742	1223
742	5457
743	5464
743	5467
743	5463
743	5469
743	5462
743	5466
743	5468
744	5472
746	5477
747	5480
748	5484
748	5481
748	5482
749	5489
749	5486
749	5488
750	5491
751	2227
751	5022
753	5497
754	5500
755	5503
755	5520
755	5511
755	5502
755	5515
755	60
755	5517
755	5514
755	5522
755	5510
755	5506
755	340
755	1810
755	5508
755	5516
755	517
756	5527
756	4186
756	659
756	5528
758	5531
760	5535
760	5540
760	5541
760	5537
760	5534
760	5538
762	3678
762	5553
762	5547
762	5545
762	5551
762	5318
762	5549
764	5558
764	653
764	5557
764	5556
766	5563
769	5567
769	5575
769	5568
769	5570
769	5571
769	5577
770	5580
770	5581
771	1444
771	5591
771	5583
771	4491
771	5587
771	5584
771	5592
771	5582
771	5588
772	5596
772	1223
772	5593
772	1074
774	5616
774	5615
774	5607
774	5606
774	5609
774	5620
774	5602
774	5613
774	825
774	5619
774	5605
774	5601
774	5611
774	5608
774	516
774	5604
774	1391
774	2420
775	5622
776	5626
776	5624
778	5631
778	5629
779	5637
779	5632
779	5647
779	5641
779	5634
779	5633
779	5642
779	5645
779	5639
779	5651
779	5643
779	5640
780	5656
780	5652
780	5657
780	5654
781	5658
781	5667
781	5660
781	319
781	593
781	510
781	5661
781	5663
781	5665
782	5684
782	5683
782	5677
782	5678
782	5681
782	5680
782	5685
782	168
782	5671
782	5682
782	4954
782	743
782	5675
782	731
782	5679
783	5689
783	5688
783	5687
784	5697
784	5694
784	5693
784	5698
788	2560
788	1074
788	4885
788	5706
788	4872
788	2911
788	5707
788	1125
788	5712
788	5724
788	475
788	60
788	5721
788	5716
788	5704
788	5702
788	5703
788	5705
788	5728
788	5719
788	5729
788	5722
788	5718
788	5727
788	583
789	5731
791	5734
793	5736
794	5740
794	5738
796	232
796	5752
796	510
796	5744
796	5749
796	49
796	5748
796	2120
796	3636
796	4166
796	524
796	5746
797	5761
797	5770
797	5769
797	5757
797	5768
797	5765
797	5767
797	5000
797	5753
797	5758
797	5766
797	5754
798	5775
798	5772
799	5779
799	5776
799	5778
802	5786
802	5783
803	5788
804	5789
805	5792
805	67
805	800
806	5805
806	5796
806	5801
806	5799
806	5807
806	5806
806	5802
806	5804
806	5795
807	5811
810	5816
810	5819
812	5839
812	5838
812	5833
812	5834
812	5837
812	1074
812	5827
812	5851
812	432
812	5849
812	5848
812	4145
812	4226
812	5836
812	5844
812	5821
812	5842
812	4169
812	5830
812	5850
812	5831
812	5825
812	5826
812	5852
814	5857
814	5876
814	3774
814	5865
814	5864
814	5866
814	5855
814	5867
814	5863
814	5872
814	5858
814	5860
814	5874
814	5869
814	825
814	5868
816	5926
816	860
816	5881
816	5893
816	5880
816	5912
816	817
816	5923
816	2332
816	5709
816	5917
816	5892
816	5921
816	5914
816	5895
816	5882
816	5910
816	5884
816	3879
816	5883
816	5904
816	5890
816	2978
816	1389
816	5888
816	5901
816	5896
816	5924
816	5898
816	5922
816	5886
816	3499
816	488
816	5897
816	5909
816	5891
816	5919
816	5900
817	3675
817	5946
817	5950
817	5944
817	3356
817	5937
817	5956
817	5954
817	5940
817	5930
817	5941
817	5949
817	5951
817	5935
817	5953
817	5943
817	5957
817	5931
817	5952
819	5964
819	5965
819	5960
819	5962
819	5970
819	4711
819	5973
819	5967
819	5963
821	5975
822	5978
826	5983
826	5986
826	5985
829	6003
829	5994
829	5990
829	5993
829	5989
829	5991
829	5992
829	6004
829	5996
829	1915
829	5998
830	6006
831	1782
831	6024
831	6007
831	6026
831	6011
831	84
831	6031
831	6030
831	1687
831	3360
831	6013
831	6017
831	6032
831	6014
831	6025
831	6023
831	6016
831	6021
831	6027
832	2738
832	524
832	6037
832	6036
832	6034
832	2792
832	6041
832	6038
833	6046
834	6050
834	6047
834	6052
834	6053
834	6054
834	6049
834	6056
837	6063
837	6065
837	833
837	6061
839	6070
839	6067
842	1782
842	2355
842	6086
842	6075
842	6079
842	3946
842	6080
842	6076
842	6081
842	6073
842	6082
842	1903
842	1399
843	6090
844	6093
847	6096
847	6106
847	6103
847	6105
847	6101
847	6108
847	6102
848	6110
849	6115
849	6122
849	6119
849	6118
849	6126
849	6116
849	1968
849	6113
849	3030
849	6123
850	6129
851	6133
851	6136
851	6135
851	239
851	6131
852	6139
853	6148
853	6146
853	6143
853	6145
853	6144
854	6154
854	6157
854	6151
854	6152
854	6158
854	6160
854	6159
854	6150
855	6162
856	6165
856	1188
856	31
856	6170
856	4452
856	6175
856	6173
856	6180
856	6167
856	6166
856	6186
856	6183
856	466
856	6179
856	6177
856	6169
856	101
856	6182
857	6187
862	6194
862	6193
864	6199
865	6201
867	5194
867	6208
867	6205
867	6204
870	6217
870	6215
870	6213
870	6216
870	6219
872	6221
872	6222
872	3500
873	6226
873	6225
873	6228
874	6230
875	6234
875	5100
875	6236
875	6231
875	2337
875	870
876	6238
877	6243
877	6244
877	6245
879	6247
880	6249
882	6254
882	6271
882	6253
882	6255
882	6261
882	6266
882	789
882	6258
882	6260
882	6265
882	932
882	6269
882	6267
884	6274
884	964
884	6275
884	6277
884	629
886	6280
886	6304
886	6300
886	1165
886	6292
886	6299
886	2049
886	6293
886	6282
886	3809
886	6306
886	6296
886	6279
886	348
886	6297
886	2914
886	6291
886	6281
886	804
886	1393
886	6303
886	6305
886	6287
887	6307
887	6310
888	6313
888	3637
889	6321
889	6319
889	6320
889	6323
889	6316
889	6324
889	49
890	6384
890	653
890	3813
890	6328
890	6371
890	5957
890	6330
890	6381
890	2938
890	6348
890	6367
890	6363
890	6355
890	6370
890	6345
890	6366
890	6377
890	6340
890	6359
890	6344
890	5766
890	6364
890	6326
890	6385
890	6329
890	6386
890	6374
890	6372
890	5220
890	6376
890	6356
890	6337
890	6365
890	1393
890	6369
890	6336
890	6382
890	6388
890	6380
890	6339
890	6353
890	6362
890	6360
890	6338
890	6361
890	6342
892	6400
892	6399
892	6419
892	6401
892	474
892	853
892	3646
892	6420
892	6402
892	6394
892	4389
892	6414
892	6412
892	84
892	6416
892	319
892	6396
892	6397
892	6418
892	863
892	3675
892	4814
892	89
892	1121
892	6423
892	2247
892	6406
892	2288
892	497
892	6392
892	6413
892	2948
895	6433
895	6436
895	6450
895	6442
895	6427
895	648
895	6446
895	6440
895	808
895	6454
895	6445
895	6441
895	6435
895	6449
895	6434
895	6429
895	6439
895	6448
895	6430
895	6447
895	6432
895	4510
896	6456
897	6473
897	6467
897	6468
897	6462
897	4463
897	6471
897	6463
897	6470
897	6472
897	5926
897	6461
897	6459
897	6460
898	6506
898	6500
898	2870
898	6483
898	6482
898	6487
898	3016
898	6438
898	6507
898	6488
898	6481
898	6505
898	497
898	6486
898	6497
898	6485
898	6480
898	6509
898	6510
898	2034
898	6492
898	6508
898	6501
898	2894
898	31
898	6504
898	6499
898	6475
898	6489
899	6521
899	6513
899	6520
899	6515
899	6523
899	6514
899	6522
900	6527
900	6526
900	6524
901	6531
901	6529
901	6528
902	6533
902	6536
902	6537
902	6538
902	6539
903	6542
904	6544
904	6545
904	6543
904	6547
904	6549
904	6550
905	6554
905	6559
905	1692
905	6556
905	6555
905	6560
905	6553
905	6565
905	6566
906	6588
906	6582
906	6599
906	6594
906	6583
906	6570
906	6596
906	6595
906	6600
906	6597
906	1708
906	6598
906	6575
906	6579
906	6593
906	4747
906	1392
906	2616
906	6571
906	6591
906	6573
906	6569
906	6584
907	6602
909	1631
909	6613
909	6614
909	3165
909	6608
909	6612
909	6609
910	6615
911	6617
911	6621
911	6619
912	6636
912	6637
912	510
912	6623
912	4466
912	1125
912	6625
912	6626
912	6630
912	6627
912	6635
912	5927
912	693
915	6642
916	6644
917	6646
918	6653
918	6654
918	6652
918	6650
920	6657
921	6658
921	6660
921	6661
921	6662
922	6673
922	6674
922	6677
922	6671
922	6699
922	6672
922	6696
922	6675
922	6683
922	6709
922	6710
922	5000
922	5709
922	317
922	964
922	6670
922	5927
922	6701
922	846
922	6703
922	6676
922	6690
922	6003
922	6700
922	6678
922	6704
922	6667
922	787
922	6681
922	6685
922	6692
922	6708
922	6688
922	6707
922	517
922	6665
922	6668
923	4702
923	6712
923	6714
923	6719
923	6717
923	6711
923	6070
924	6721
925	6723
927	6725
928	6728
929	6734
929	6735
929	6739
929	1021
929	6740
929	101
929	6736
929	6737
930	4451
930	6746
930	6742
930	6745
931	6749
933	6770
933	6769
933	6753
933	6765
933	6768
933	6766
933	6754
933	6771
933	6777
933	6775
933	6776
933	6760
933	6763
933	6758
933	6751
933	6757
936	6600
936	6803
936	6790
936	6781
936	6791
936	6808
936	6783
936	6797
936	6785
936	6787
936	4246
936	4431
936	3356
936	825
936	6802
936	4171
936	800
936	6794
936	1708
936	6809
936	6811
936	6806
936	6793
936	6805
936	6789
937	6813
937	6825
937	6822
937	6823
937	6819
937	6814
937	636
937	6817
938	6827
938	2206
938	6831
938	6829
939	6839
939	6841
939	6838
939	6834
939	6837
939	6843
939	6844
939	6840
940	6845
941	3438
941	6855
941	6860
941	6850
941	6854
941	6863
941	6856
941	6849
941	6861
941	6864
941	6852
941	6862
941	6853
942	6868
942	6877
942	6871
942	6867
942	6878
942	4046
942	89
942	6873
942	6869
942	6865
945	6883
945	6890
945	6903
945	6884
945	6888
945	6894
945	1987
945	6882
945	477
945	6887
945	301
945	6900
945	6901
945	4524
945	6908
945	6891
945	1528
945	340
945	6907
945	493
945	243
945	862
945	1031
945	6906
945	524
945	6889
948	6915
949	6916
950	6919
953	6923
953	6922
954	6928
954	6926
955	6930
958	6935
959	6938
959	6940
960	6942
960	6944
963	6951
963	6952
963	6949
964	6958
964	6953
964	6954
966	6962
966	6961
966	6960
967	6965
967	6967
968	6978
968	6969
968	6982
968	6972
968	6984
968	6968
968	6979
968	6971
968	6975
968	4218
968	6976
969	6986
970	6989
970	466
970	7011
970	7013
970	7000
970	510
970	6995
970	6988
970	7001
970	6993
970	7010
970	6991
970	6998
970	6999
970	6987
970	7002
970	6561
970	6994
970	824
970	7008
971	7017
971	7016
972	7028
972	7020
972	7026
972	7022
972	7030
972	4252
972	383
972	7024
972	124
972	583
972	7019
972	789
972	2895
972	7027
972	7021
975	7035
976	7036
977	7042
977	7040
977	7043
977	168
977	7039
978	7045
979	7054
979	7060
979	7053
979	7055
979	7050
979	7046
979	7057
979	7047
979	7052
980	7062
980	7064
982	7066
984	7088
984	693
984	5709
984	7080
984	7070
984	7076
984	7091
984	4703
984	7077
984	65
984	4706
984	7094
984	7081
984	1712
984	759
984	7073
984	7089
984	7086
984	507
984	7082
984	7075
984	7069
985	7098
986	7099
989	7105
990	7114
990	7115
990	7118
990	7117
990	7111
990	7106
990	7112
990	7109
990	7107
991	7126
991	7123
991	7121
991	7120
992	7128
992	5997
992	7136
992	7133
992	3854
992	7140
992	7131
992	693
992	7143
992	7142
992	4720
992	7135
992	7129
992	671
992	3438
992	7137
993	7145
994	7149
994	7153
994	7152
994	7147
996	7156
997	7157
997	7161
997	7162
997	7158
999	7165
999	7166
999	3170
999	7169
