9	12
18	31
18	30
35	65
64	114
85	151
91	165
98	178
101	187
122	224
126	238
126	234
130	248
130	244
133	259
145	279
145	284
145	290
148	314
148	310
148	313
148	307
149	329
149	325
150	334
150	335
156	349
168	384
168	381
172	396
172	400
172	390
172	393
182	427
182	423
191	451
191	453
194	519
194	481
194	534
194	507
194	537
194	489
194	495
194	493
194	546
194	486
194	561
194	469
194	536
194	526
194	550
194	498
194	475
194	560
194	510
194	491
194	484
197	567
207	589
223	617
230	634
230	636
234	650
234	645
236	654
236	657
238	668
238	665
241	676
270	723
292	757
292	760
298	775
305	786
305	796
318	819
318	818
325	840
328	847
328	851
328	856
330	865
330	864
331	876
337	889
342	920
342	942
342	909
342	902
342	899
342	916
342	908
342	940
342	898
342	923
348	953
348	960
348	968
348	955
348	961
348	956
354	990
354	995
354	985
354	991
367	1025
371	1038
391	1074
391	1078
402	1096
410	1119
410	1116
411	1126
411	1121
423	1190
423	1179
423	1193
423	1197
423	1150
423	1210
423	1226
423	1195
423	1213
423	1168
423	1199
423	1202
423	1192
423	1185
423	1147
423	1171
423	1207
437	1250
437	1253
441	1265
441	1264
452	1287
452	1288
453	1292
461	1308
461	1310
495	1361
495	1367
517	1402
517	1408
527	1437
527	1441
527	1432
530	1457
530	1454
530	1449
530	1462
548	1489
586	1554
586	1552
586	1555
587	1558
587	1559
622	1620
622	1618
623	1648
623	1637
623	1635
623	1626
623	1639
638	1678
638	1672
647	1693
647	1701
648	1706
666	1735
670	1745
677	1766
677	1760
691	1788
691	1790
691	1801
695	1808
709	1836
709	1833
709	1840
711	1847
715	1864
720	1881
720	1877
724	1888
726	1893
726	1895
726	1905
736	1918
736	1924
736	1925
736	1929
742	1947
742	1943
745	1953
748	1968
748	1972
748	1971
751	1980
751	1989
751	1990
752	1996
752	2000
753	2006
769	2040
769	2039
773	2057
773	2060
776	2066
790	2099
790	2104
790	2098
794	2112
795	2119
821	2152
838	2181
838	2186
838	2182
839	2195
839	2199
839	2194
845	2213
845	2211
863	2244
871	2264
883	2285
889	2297
896	2315
896	2309
903	2324
910	2350
910	2341
910	2342
928	2383
933	2390
935	2400
936	2407
936	2414
936	2410
942	2424
952	2448
952	2444
952	2443
969	2483
978	2501
983	2512
986	2524
986	2530
992	2543
995	2552
995	2560
1000	2573
1009	2596
1009	2592
1014	2612
1014	2605
1014	2607
1018	2633
1018	2627
1018	2625
1018	2645
1018	2638
1033	2671
1050	2712
1050	2699
1050	2705
1050	2696
1057	2724
1062	2741
1062	2742
1085	2783
1086	2786
1087	2836
1087	2890
1087	2856
1087	2822
1087	2832
1087	2883
1087	2795
1087	2875
1087	2920
1087	2846
1087	2810
1087	2872
1087	2909
1087	2854
1087	2899
1087	2800
1087	2839
1087	2877
1087	2885
1087	2870
1087	2812
1087	2859
1087	2811
1087	2861
1087	2814
1087	2804
1087	2840
1087	2871
1100	2947
1100	2950
1100	2948
1100	2949
1100	2952
1104	2975
1112	2989
1112	2985
1112	3002
1112	2994
1112	3007
1116	3017
1116	3019
1119	3032
1119	3025
1119	3031
1119	3039
1123	3051
1124	3060
1124	3054
1124	3070
1124	3058
1129	3084
1129	3082
1136	3099
1136	3100
1140	3116
1140	3114
1141	3124
1163	3158
1163	3171
1163	3161
1163	3168
1164	3174
1164	3184
1164	3177
1180	3216
1180	3210
1181	3218
1185	3227
1193	3243
1201	3268
1201	3266
1201	3272
1201	3281
1202	3296
1202	3284
1202	3294
1202	3282
1210	3312
1210	3316
1217	3330
1217	3332
1217	3335
1218	3350
1223	3363
1227	3378
1227	3376
1241	3405
1241	3404
1242	3421
1242	3418
1242	3422
1243	3426
1245	3439
1245	3450
1245	3441
1245	3446
1251	3465
1251	3464
1259	3485
1259	3480
1264	3504
1264	3501
1264	3499
1265	3517
1265	3515
1265	3526
1273	3560
1273	3546
1273	3551
1273	3547
1273	3543
1273	3544
1283	3584
1284	3594
1284	3590
1290	3608
1290	3614
1300	3634
1300	3630
1301	3638
1302	3644
1305	3652
1305	3672
1305	3683
1305	3653
1305	3654
1305	3663
1305	3655
1316	3712
1316	3702
1316	3704
1316	3703
1328	3738
1339	3763
1339	3766
1342	3772
1346	3779
1347	3787
1347	3788
1351	3796
1351	3801
1351	3800
1351	3805
1353	3821
1353	3820
1368	3849
1368	3850
1379	3873
1382	3883
1382	3882
1388	3906
1388	3905
1389	3917
1389	3916
1394	3925
1394	3941
1394	3934
1394	3928
1398	3947
1412	3970
1412	3978
1414	3984
1414	3985
1419	3997
1420	4003
1420	4006
1420	4014
1421	4022
1421	4026
1424	4029
1424	4042
1424	4068
1424	4062
1424	4057
1424	4035
1424	4049
1424	4050
1424	4065
1425	4083
1425	4084
1446	4123
1446	4129
1446	4118
1446	4127
1447	4138
1447	4144
1447	4135
1448	4158
1448	4153
1448	4152
1450	4191
1450	4167
1450	4175
1450	4176
1450	4189
1450	4164
1450	4184
1466	4223
1483	4253
1490	4267
1490	4269
1498	4289
1499	4292
1500	4297
1504	4313
1508	4323
1523	4347
1523	4348
1523	4345
1529	4365
1545	4394
1545	4400
1545	4401
1545	4392
1550	4425
1550	4426
1555	4453
1555	4438
1555	4452
1555	4448
1555	4461
1560	4477
1578	4505
1578	4502
1578	4504
1578	4512
1578	4521
1578	4522
1583	4539
1583	4531
1592	4553
1596	4584
1596	4566
1596	4564
1596	4563
1598	4591
1604	4604
1604	4620
1604	4613
1604	4624
1604	4611
1610	4645
1610	4640
1610	4653
1610	4637
1610	4641
1623	4678
1627	4684
1634	4703
1634	4696
1638	4718
1638	4722
1638	4720
1644	4733
1644	4732
1646	4747
1646	4751
1646	4754
1654	4777
1670	4582
1670	4804
1697	4842
1700	4855
1709	4873
1711	4879
1715	4893
1716	4895
1716	4898
1732	4926
1732	4938
1732	4928
1732	4971
1732	4952
1732	4963
1732	4947
1732	4980
1732	4935
1732	4984
1732	4969
1732	4956
1747	5029
1747	5024
1747	5022
1747	5042
1747	5025
1747	5031
1747	5028
1747	5048
1751	5061
1754	5065
1775	5104
1775	5099
1775	5106
1777	5112
1777	5121
1779	5143
1779	5128
1779	5136
1779	5131
1811	5201
1811	5212
1811	5210
1811	5203
1833	5245
1836	5262
1836	5260
1841	5273
1850	5286
1850	5285
1850	5296
1864	5326
1864	5323
1872	5344
1878	5357
1881	5365
1883	5371
1896	5398
1896	5396
1898	5408
1911	5467
1911	5466
1911	5457
1911	5450
1911	5458
1911	5435
1911	5480
1911	5477
1911	5443
1911	5473
1921	5496
1929	5513
1940	5534
1940	5543
1940	5540
1942	5553
1942	5563
1942	5565
1942	5555
1945	5577
1951	5592
1951	5594
1953	5601
1953	5598
1957	5626
1957	5628
1957	5614
1957	5619
1957	5634
1957	5636
1961	5646
1968	5665
1968	5668
1977	5691
1977	5692
1977	5690
1979	5713
1979	5719
1979	5712
1979	5714
1979	5705
1981	5722
1981	5724
1982	5736
1987	5747
1987	5748
1997	5769
2014	5802
2014	5809
2014	5805
2017	5817
2019	5827
2021	5839
2021	5834
2022	5842
2040	5882
2040	5887
2040	5878
2046	5901
2046	5904
2046	5905
2049	5915
2059	5940
2062	5968
2062	5962
2062	5959
2062	5966
2062	5949
2062	5971
2069	5980
2070	5998
2070	5990
2070	5984
2075	6006
2076	6011
2091	6051
2091	6047
2091	6045
2096	6064
2096	6067
2102	6078
2104	6087
2104	6081
2105	6105
2105	6095
2105	6102
2105	6090
2105	6114
2105	6118
2105	6097
2113	6134
2113	6135
2115	6139
2115	6140
2115	6141
2119	6171
2119	6164
2121	6178
2121	6177
2126	6198
2126	6196
2130	6203
2130	6205
2152	6238
2167	6262
2167	6265
2167	6260
2171	6278
2175	6290
2175	6289
2175	6295
2180	6309
2187	6320
2187	6324
2194	6340
2194	6341
2194	6348
2207	6365
2224	6393
2231	6404
2238	6416
2241	6424
2245	6440
2245	6438
2246	6446
2246	6445
2257	6460
2269	6485
2270	6496
2270	6487
2270	6498
2271	6505
2271	6508
2302	6550
2302	6553
2306	6563
2315	6581
2322	6594
2358	6649
2375	6684
2375	6677
2379	6694
2379	6697
2394	6721
2394	6724
2394	6728
2394	6731
2408	6761
2435	6814
2437	6823
2445	6838
2445	6836
2450	6850
2450	6848
2450	6860
2450	6857
2452	6867
2452	6865
2477	6911
2477	6921
2488	6955
2488	6945
2488	6952
2488	6939
2488	6940
2495	6968
2506	6989
2528	7025
2543	7047
2543	7049
2543	7050
2580	7109
2582	7115
2582	7119
2592	7135
2593	7139
2608	7172
2626	7198
2626	7204
2633	7217
2635	7220
2637	7228
2637	7233
2640	7240
2640	7238
2647	7256
2664	7292
2664	7290
2664	7287
2668	7303
2683	7331
2687	7342
2690	7349
2765	7458
2780	7494
2783	7507
2783	7509
2785	7513
2792	7527
2801	7549
2802	7553
2809	7572
2809	7569
2813	7582
2813	7587
2819	7606
2819	7608
2819	7599
2825	7626
2825	7619
2825	7624
2831	7646
2831	7642
2840	7673
2840	7667
2840	7666
2840	7683
2840	7681
2846	7690
2858	7720
2858	7715
2858	7724
2859	7739
2859	7726
2859	7730
2867	7759
2867	7755
2877	7776
2877	7791
2877	7783
2886	7812
2886	7815
2894	7828
2894	7835
2895	7841
2897	7846
2897	7848
2903	7860
2906	7877
2906	7875
2908	7887
2909	7142
2917	7917
2917	7912
2917	7910
2930	7939
2943	7968
2943	7967
2961	7997
2961	7994
2968	8017
2968	8019
2968	8016
2984	8047
2985	8063
2985	8066
2985	8064
2995	8086
3012	8119
3012	8120
3012	8128
3013	8132
3016	8144
3016	8147
3017	8152
3017	8148
3017	8153
3028	8181
3030	8188
3040	8208
3040	8212
3050	8240
3050	8230
3050	8228
3050	8226
3050	8239
3053	8260
3053	8257
3053	8261
3054	4130
3054	8269
3056	8280
3064	8296
3073	8312
3079	8330
3079	8327
3086	8345
3092	8360
3092	8359
3094	8370
3096	8375
3105	8393
3105	8392
3111	8408
3112	8411
3112	8413
3124	8438
3124	8437
3127	8456
3127	8452
3149	8490
3153	8499
3157	8516
3157	8511
3157	8521
3158	8530
3158	8529
3162	8542
3162	8545
3170	8556
3181	8585
3181	8582
3188	8598
3195	8616
3199	8624
3202	8643
3202	8631
3202	8639
3202	8636
3209	8656
3216	8665
3218	8675
3218	8673
3223	8692
3223	8688
3223	8695
3223	8685
3226	8709
3228	8722
3228	8715
3284	8824
3284	8839
3284	8826
3284	8819
3291	8850
3299	8865
3299	8869
3300	8874
3300	8879
3311	8908
3311	8900
3311	8901
3311	8902
3312	8913
3312	8920
3319	8933
3339	8972
3339	8971
3362	9012
3362	9011
3366	9021
3367	9028
3367	9027
3377	9047
3377	9046
3386	9070
3390	9089
3390	9090
3390	9091
3390	9086
3409	9132
3409	9147
3409	9141
3409	9134
3410	9151
3410	5605
3411	9159
3412	9167
3412	9173
3419	9190
3419	9189
3422	9200
3422	9203
3427	9219
3427	9222
3427	9224
3429	9239
3429	9234
3429	9229
3435	9254
3440	9267
3440	9269
3451	9290
3451	9287
3452	9298
3453	9305
3461	9326
3461	9324
3461	9330
3461	9331
3461	9337
3470	9372
3470	9358
3470	9370
3470	9361
3474	9385
3474	9383
3474	9391
3482	9420
3482	9419
3482	9409
3502	9453
3502	9460
3502	9459
3502	9469
3503	9483
3503	9479
3504	9487
3506	9499
3508	9507
3508	9509
3508	9505
3511	9531
3511	9524
3511	9532
3511	9526
3517	9550
3517	9566
3517	9556
3517	9563
3518	9568
3518	9567
3518	9569
3518	9578
3519	9590
3519	9584
3539	9629
3539	9622
3546	9642
3549	9652
3549	9648
3556	9662
3561	9681
3561	9683
3568	9698
3589	9732
3589	9730
3590	9739
3591	9742
3609	9778
3619	9800
3619	9801
3623	9815
3625	9818
3640	9846
3647	9858
3647	9865
3651	9876
3651	9874
3653	9884
3672	9915
3672	9918
3678	9929
3680	9937
3680	9936
3680	9935
3684	9965
3684	9962
3687	9980
3687	9979
3687	9975
3690	9998
3690	9991
3692	10019
3692	10012
3692	10021
3692	10022
3694	10028
3703	10047
3716	10075
3716	10066
3731	10096
3731	10098
3732	10103
3756	10146
3767	10174
3767	3103
3767	10175
3791	10221
3791	10224
3791	10220
3806	10246
3820	10270
3820	10268
3821	10276
3823	10287
3823	10283
3823	10292
3823	10293
3828	10314
3828	10308
3831	10325
3831	10321
3832	10336
3832	10333
3833	10340
3835	10348
3839	10354
3841	10362
3841	10367
3841	10373
3893	10464
3915	10503
3915	10502
3939	10537
3939	10538
3941	10546
3941	10551
3941	10547
3945	10566
3952	10585
3962	10599
3962	10601
3962	10598
3964	10611
3969	10628
3970	10638
3970	10630
3970	10636
3972	10645
3984	10664
3992	10686
3994	10698
4004	10722
4004	10720
4004	10714
4004	10718
4006	10731
4006	10732
4029	10767
4038	10789
4041	10810
4041	10806
4041	10808
4041	10797
4057	10839
4057	10836
4078	10872
4083	10879
4083	10885
4084	10889
4084	10897
4084	10898
4088	10914
4088	8624
4088	10916
4106	10950
4106	10956
4115	2563
4115	10973
4115	10970
4116	10982
4116	10980
4125	11028
4125	11019
4125	11001
4125	11020
4125	11036
4125	11009
4125	11012
4125	11016
4125	11000
4125	11044
4155	11085
4168	11125
4168	11118
4168	11106
4168	11112
4168	11105
4185	11159
4185	11151
4185	11155
4226	11221
4257	11263
4257	11280
4257	11281
4257	11272
4276	11309
4276	11304
4276	11312
4276	11313
4276	11302
4276	11365
4276	11316
4276	11355
4276	904
4276	11331
4276	11328
4276	11318
4276	11340
4293	11390
4293	11384
4304	11409
4304	11414
4304	11416
4309	11434
4309	11436
4311	11441
4311	11444
4311	11445
4321	11466
4343	11500
4343	11503
4344	11508
4383	11577
4385	11594
4385	11590
4385	11588
4386	11600
4386	11605
4410	11639
4417	11656
4447	11700
4447	11698
4447	11706
4447	11712
4448	11722
4457	11738
4464	11754
4464	11760
4470	11771
4476	11779
4476	11784
4477	11790
4477	11787
4481	11803
4481	11560
4488	11815
4495	11836
4495	11839
4495	11832
4507	11870
4507	11865
4509	11879
4516	11898
4516	11891
4519	11901
4521	11911
4530	11928
4542	11959
4542	11957
4542	11958
4542	11951
4555	11986
4577	12024
4578	12030
4578	12038
4578	12029
4578	12046
4579	12052
4581	12059
4584	12068
4590	12077
4592	12088
4592	12094
4599	12117
4599	12113
4599	12115
4606	12132
4606	12126
4610	12142
4623	12159
4633	12178
4638	12188
4639	12193
4646	12208
4646	12215
4646	12217
4679	12272
4681	12278
4681	12293
4681	12291
4681	12290
4696	12317
4696	12327
4696	12324
4699	12338
4707	12356
4747	12424
4749	12428
4752	12439
4762	12461
4764	12467
4770	12485
4770	12491
4770	12483
4770	12493
4773	12500
4773	12507
4784	12532
4784	12527
4789	12544
4790	12547
4790	12549
4794	12562
4801	12580
4801	12608
4801	12607
4801	12599
4801	12581
4801	12600
4801	12585
4815	12654
4815	12649
4815	12646
4815	12638
4815	12653
4822	12689
4822	12682
4822	12686
4822	7919
4822	12685
4828	10174
4828	12701
4828	12712
4828	12709
4828	6257
4830	12731
4830	12729
4830	12727
4833	12755
4833	12739
4833	12740
4833	12753
4841	12777
4841	12779
4857	12802
4857	12805
4860	12814
4860	12817
4866	12833
4866	12835
4866	12838
4866	12826
4867	12849
4867	12850
4868	12854
4894	12894
4897	12901
4932	12960
4932	12953
4933	12970
4933	12972
4936	12982
4936	12977
4949	13011
4949	13020
4949	13021
4949	13016
4949	13009
4950	13038
4950	13036
4956	13050
4957	13054
4957	13053
4978	13094
5007	13141
5010	13151
5010	13155
5033	13195
5045	13223
5045	13220
5049	13237
5052	13242
5052	13244
5053	13254
5053	13256
5053	13252
5062	13288
5062	13280
5063	13291
5069	13308
5073	13321
5073	13317
5073	13315
5083	13346
5086	13357
5086	13361
5089	13380
5089	13369
5089	13374
5095	13392
5096	13402
5099	13407
5099	13423
5099	13417
5099	13422
5112	13445
5125	13471
5155	13520
5171	13551
5171	13550
5172	13555
5172	13554
5182	13578
5204	13615
5207	13621
5221	13645
5232	10486
5232	13668
5241	13695
5249	13714
5249	13711
5250	13721
5255	13733
5264	13748
5264	13749
5266	13765
5275	13781
5276	13799
5276	13794
5276	13785
5276	13787
5277	13804
5280	13813
5288	13830
5299	13863
5299	13854
5301	13868
5304	13881
5311	13906
5311	13901
5311	13890
5311	13902
5316	13918
5321	13925
5321	13927
5328	5994
5328	13956
5328	13949
5332	13987
5332	13968
5332	13989
5332	13970
5332	13992
5332	13984
5332	13999
5332	13971
5358	12164
5358	14045
5358	14057
5358	14058
5366	14071
5366	14072
5366	14083
5366	14091
5375	14104
5385	14129
5385	14123
5386	14138
5386	14130
5386	14139
5393	14160
5393	14153
5393	14176
5393	14167
5393	14173
5393	14155
5396	14194
5396	14195
5400	14204
5411	14233
5411	14227
5412	14249
5412	14235
5412	14240
5412	14243
5423	14275
5423	14273
5427	14283
5432	14300
5432	14292
5436	14308
5436	14315
5447	14339
5447	14332
5449	14351
5449	14347
5449	14356
5452	14364
5457	14387
5457	14378
5457	14393
5457	14388
5457	14394
5457	14386
5457	14402
5469	14426
5469	14432
5474	14444
5474	14440
5483	14464
5487	14478
5487	14477
5491	14493
5491	14486
5492	14499
5492	14501
5492	14502
5519	14546
5519	14556
5519	14548
5521	14566
5535	14592
5535	14585
5538	14620
5538	14634
5538	14611
5538	14629
5538	14618
5538	14630
5538	14615
5538	14610
5542	14648
5542	14647
5554	14666
5556	14676
5556	14675
5575	14724
5579	14730
5579	14735
5584	14748
5593	14764
5593	14767
5601	14790
5603	14795
5603	14797
5604	14810
5604	14806
5619	14834
5619	14841
5619	14835
5620	14859
5620	14853
5620	14851
5625	14870
5629	14880
5635	14905
5635	14895
5635	14902
5635	14889
5635	14915
5635	14909
5642	14932
5642	14930
5649	14950
5652	14964
5652	14962
5652	14960
5653	14985
5653	14986
5653	14980
5674	15025
5674	15020
5674	15027
5674	15026
5676	15039
5681	15048
5681	15049
5688	15091
5688	15078
5688	15073
5688	15094
5688	15090
5688	15083
5722	15156
5722	15154
5732	15173
5732	15175
5733	15185
5733	15192
5736	15202
5736	15201
5743	15217
5762	15259
5766	15263
5768	15273
5784	15303
5786	15310
5787	15315
5794	15326
5810	15350
5811	15361
5811	9238
5811	15366
5811	15363
5824	15395
5824	15401
5824	15393
5830	15426
5830	15427
5830	15430
5830	15421
5830	15409
5839	15444
5840	15452
5840	15455
5870	15500
5871	15514
5871	15505
5873	15521
5874	15524
5879	15548
5879	15544
5879	15535
5888	15571
5888	15568
5907	15609
5922	15635
5926	15645
5947	15686
5947	15681
5947	15692
5947	15684
5948	15700
5955	15713
5955	15718
5955	15715
5971	15762
5971	15758
5971	15757
5977	15777
5995	15819
5995	15811
5995	15815
5995	15818
6000	15838
6001	15847
6015	15879
6015	15880
6039	15909
