0	0
9	13
9	14
9	10
10	15
18	29
18	25
18	26
18	27
19	33
21	37
21	36
22	41
23	43
24	46
25	50
25	48
27	53
28	55
32	62
35	65
35	68
35	69
35	67
37	73
43	81
47	85
48	88
52	93
58	101
61	104
62	107
64	113
64	112
64	114
67	118
72	126
72	127
73	128
73	130
74	133
75	135
77	137
80	141
81	144
84	147
85	150
85	153
85	151
86	156
88	159
89	161
89	163
91	168
91	167
91	169
95	173
96	176
98	181
98	182
98	178
101	185
101	189
101	190
103	192
108	198
113	204
115	209
115	210
118	213
119	217
121	219
122	226
122	224
122	222
122	228
123	230
126	235
126	241
126	236
126	237
126	240
130	253
130	252
130	248
130	251
130	254
132	257
133	263
133	259
133	261
135	266
136	268
139	274
139	271
141	277
145	298
145	294
145	289
145	292
145	291
145	288
145	296
145	284
145	295
145	286
146	300
147	303
147	302
148	320
148	305
148	312
148	325
148	310
148	306
148	321
148	309
148	326
148	308
148	307
148	316
148	314
149	331
149	330
149	333
149	334
150	341
150	342
150	337
150	340
152	346
152	344
156	351
156	352
156	354
159	359
161	362
162	365
162	366
163	369
165	372
165	375
166	376
168	382
168	383
168	380
168	388
168	387
168	389
168	379
168	392
172	405
172	407
172	406
172	403
172	411
172	402
172	415
172	410
172	398
172	404
172	401
172	413
174	419
179	425
182	433
182	434
182	430
182	431
183	437
183	436
186	443
187	444
190	448
191	458
191	450
191	460
191	454
191	452
191	456
192	463
194	545
194	484
194	520
194	470
194	563
194	466
194	515
194	555
194	550
194	499
194	508
194	522
194	528
194	566
194	540
194	543
194	465
194	546
194	572
194	537
194	485
194	539
194	478
194	576
194	509
194	536
194	486
194	527
194	490
194	487
194	560
194	503
194	483
194	521
194	480
194	479
194	530
194	549
194	575
194	512
194	573
194	564
194	472
194	577
194	469
194	569
194	495
194	510
194	558
194	475
194	492
194	523
194	532
194	559
194	507
194	525
194	541
194	554
194	516
194	467
194	481
194	544
194	535
194	474
194	568
194	506
194	519
196	580
197	584
197	586
197	582
200	591
203	594
203	596
207	602
207	601
207	606
207	605
209	610
211	614
214	617
217	622
219	625
220	627
222	631
223	633
223	635
223	636
224	637
227	644
228	646
230	652
230	650
230	651
230	656
230	657
230	654
233	661
234	663
234	670
234	664
234	667
234	665
234	669
236	675
236	682
236	676
236	681
236	678
238	685
238	687
238	684
238	691
241	699
241	697
241	701
241	694
243	703
244	705
247	710
258	721
258	723
263	730
266	735
268	738
269	740
270	744
270	745
270	747
278	757
283	765
283	763
284	766
285	770
292	785
292	786
292	783
292	780
292	781
292	777
298	796
298	794
298	797
298	795
300	800
301	804
302	806
305	812
305	818
305	814
305	819
305	811
305	809
305	815
307	822
307	823
308	826
309	828
310	830
313	834
318	843
318	845
318	850
318	851
318	846
318	848
318	852
320	855
321	857
322	858
324	862
325	863
325	866
325	865
326	869
328	874
328	882
328	888
328	877
328	880
328	878
328	871
328	873
328	881
328	883
329	891
330	900
330	901
330	898
330	893
330	895
330	903
330	899
331	906
331	907
331	908
332	910
335	914
337	917
337	918
337	921
342	929
342	942
342	968
342	960
342	928
342	971
342	944
342	951
342	947
342	954
342	927
342	973
342	957
342	945
342	953
342	958
342	964
342	969
342	946
342	967
342	970
342	934
342	962
342	948
342	926
342	941
342	930
342	932
342	949
342	937
348	997
348	1011
348	982
348	992
348	1007
348	985
348	1018
348	1002
348	1016
348	981
348	987
348	990
348	1009
348	983
348	1001
348	1015
348	998
348	991
348	996
348	1005
348	994
348	1017
350	1020
354	1028
354	1043
354	1032
354	1029
354	1038
354	1035
354	1026
354	1031
354	1030
354	1042
354	1036
354	1044
355	1046
359	1051
360	1054
361	1055
361	1057
364	1061
365	1063
367	1070
367	1069
367	1072
367	1071
369	1075
371	1081
371	1080
371	1078
374	1085
375	1089
375	1088
379	1094
381	1098
384	1104
386	1108
386	1107
390	1113
391	1120
391	1121
391	1119
391	1123
391	1117
397	1130
401	1135
402	1139
402	1136
402	1138
403	1142
404	1145
405	1147
407	1151
410	1159
410	1156
410	1158
410	1154
410	1160
410	1163
411	1168
411	1166
411	1170
411	1169
414	1175
418	1181
419	1184
421	1187
421	1188
423	1223
423	1264
423	1215
423	1198
423	1192
423	1239
423	1243
423	1256
423	1235
423	1233
423	1273
423	1245
423	1197
423	1255
423	1260
423	1268
423	1242
423	1250
423	1228
423	1210
423	1195
423	1199
423	1209
423	1213
423	1269
423	1216
423	1201
423	1248
423	1220
423	1265
423	1203
423	1257
423	1247
423	1217
423	1246
423	1193
423	1226
423	1251
423	1263
423	1252
423	1202
423	1224
423	1221
423	1266
423	1272
423	1277
423	1225
423	1196
423	1259
423	1279
423	1191
423	1231
423	1249
424	1281
425	1283
430	1288
437	1303
437	1304
437	1298
437	1305
437	1300
438	1307
438	1306
441	1318
441	1317
441	1314
441	1320
441	1313
441	1319
442	1322
450	1332
452	1336
452	1335
452	1337
452	1338
453	1346
453	1345
453	1343
456	1350
458	1354
460	1357
461	1359
461	1360
461	1364
461	1358
473	1377
477	1383
479	1388
479	1387
479	1386
480	1391
481	1395
481	1393
486	1405
486	1402
486	1401
486	1403
495	1419
495	1415
495	1422
495	1420
495	1424
495	1418
495	1426
497	1429
499	1436
499	1433
499	1435
503	1440
506	1445
508	1447
513	1455
515	1457
517	1466
517	1468
517	1469
517	1470
517	1463
517	1461
517	1467
518	1473
519	1474
524	1483
527	1488
527	1501
527	1498
527	1491
527	1494
527	1490
527	1502
527	1487
527	1495
527	1486
528	1505
529	1506
530	1509
530	1517
530	1525
530	1514
530	1511
530	1518
530	1512
530	1513
530	1524
530	1510
532	1529
542	1541
548	1547
548	1550
548	1548
549	1553
555	1561
557	1563
565	1574
568	1577
574	1584
575	1586
581	1595
582	1596
583	1599
586	1605
586	1616
586	1611
586	1607
586	1613
586	1609
586	1618
586	1606
586	1614
587	1620
587	1626
587	1621
587	1623
587	1628
587	1625
587	1619
592	1637
592	1638
599	1646
600	1648
605	1653
607	1656
608	1661
608	1659
610	1665
614	1669
620	1676
622	1685
622	1679
622	1683
622	1682
623	1705
623	1699
623	1696
623	1691
623	1703
623	1695
623	1700
623	1697
623	1694
623	1713
623	1710
623	1704
623	1715
623	1711
623	1709
623	1698
623	1716
623	1693
625	1721
629	1725
632	1729
633	1733
634	1735
638	1739
638	1740
638	1745
638	1744
638	1746
638	1742
640	1752
647	1769
647	1770
647	1765
647	1767
647	1763
647	1764
648	1775
648	1772
648	1773
649	1776
650	1778
655	1785
659	1791
663	1796
666	1803
666	1801
666	1804
670	1808
670	1810
670	1812
671	1814
672	1816
673	1819
675	1825
675	1823
677	1834
677	1831
677	1827
677	1828
677	1836
677	1829
677	1833
686	1848
687	1851
690	1854
691	1866
691	1863
691	1861
691	1865
691	1862
691	1858
691	1871
691	1870
691	1860
692	1874
695	1879
695	1877
695	1878
697	1884
698	1886
700	1889
706	1896
709	1910
709	1911
709	1903
709	1907
709	1913
709	1906
709	1901
709	1908
709	1912
710	1917
710	1915
711	1920
711	1921
711	1922
713	1926
713	1927
714	1930
715	1939
715	1937
715	1936
715	1934
717	1942
720	1955
720	1951
720	1948
720	1945
720	1956
720	1949
720	1952
724	1962
724	1961
724	1963
726	1971
726	1975
726	1969
726	1977
726	1973
726	1978
726	1968
726	1979
734	1988
735	1991
736	1998
736	2008
736	1997
736	2003
736	2002
736	2006
736	2004
736	2001
736	1999
736	2000
737	2011
742	2023
742	2025
742	2016
742	2021
742	2019
742	2022
744	2027
745	2034
745	2033
745	2032
748	2042
748	2050
748	2047
748	2046
748	2043
748	2048
748	2040
748	2037
748	2049
749	2054
751	2067
751	2074
751	2076
751	2073
751	2062
751	2060
751	2059
751	2058
751	2063
751	2064
751	2070
751	2056
752	2080
752	2081
752	2082
752	2084
752	2077
753	2086
753	2090
753	2088
754	2091
756	2096
757	2099
758	2101
759	2102
763	2107
764	2109
766	2115
766	2116
767	2118
769	2127
769	2123
769	2122
769	2128
769	2124
769	2121
772	2134
773	2144
773	2136
773	2139
773	2135
773	2142
773	2146
773	2140
775	2148
776	2154
776	2153
776	2155
776	2151
779	2159
782	2164
786	2169
786	2172
790	2191
790	2187
790	2182
790	2178
790	2181
790	2180
790	2179
790	2189
790	2183
794	2196
794	2199
794	2197
794	2200
795	2204
795	2202
795	2206
800	2211
810	2222
815	2229
821	2235
821	2240
821	2238
821	2236
822	2243
823	2245
826	2248
828	2252
837	2261
838	2264
838	2269
838	2271
838	2272
838	2268
838	2274
838	2265
838	2277
838	2275
839	2283
839	2281
839	2286
839	2291
839	2282
839	2287
839	2285
839	2284
842	2295
845	2300
845	2301
845	2305
845	2298
845	2304
845	2311
845	2309
845	2299
854	2320
855	2326
855	2325
861	2333
863	2335
863	2339
863	2337
868	2346
868	2344
871	2353
871	2352
871	2355
871	2356
872	2358
873	2360
877	2366
878	2368
880	2372
882	2375
883	2377
883	2376
883	2379
888	2385
889	2390
889	2387
889	2389
893	2396
896	2404
896	2408
896	2401
896	2409
896	2407
896	2406
898	2411
903	2421
903	2418
903	2423
903	2420
908	2429
909	2431
910	2435
910	2444
910	2442
910	2446
910	2432
910	2441
910	2439
910	2436
910	2433
912	2450
913	2452
917	2458
920	2462
925	2468
926	2471
927	2472
928	2474
928	2478
928	2479
928	2480
929	2482
933	2490
933	2488
933	2489
934	2493
935	2497
935	2495
935	2496
936	2504
936	2502
936	2511
936	2510
936	2508
936	2503
936	2507
936	2506
936	2513
936	2515
942	2524
942	2522
942	2525
947	2532
948	2535
952	2551
952	2539
952	2550
952	2541
952	2549
952	2544
952	2547
954	2553
956	2558
958	2561
961	2566
962	2567
969	2577
969	2578
969	2579
972	2584
973	2585
974	2587
976	2591
977	2594
978	2599
978	2596
978	2597
979	2602
980	2605
980	2604
983	2611
983	2610
983	2615
983	2614
985	2617
986	2626
986	2630
986	2625
986	2627
986	2629
986	2619
986	2623
987	2633
989	2637
990	2639
992	2645
992	2642
992	2643
992	2647
993	2649
995	2657
995	2653
995	2659
995	2655
995	2652
995	2663
995	2661
996	2665
997	2667
998	2668
1000	2676
1000	2674
1000	2671
1000	2677
1001	2680
1004	2684
1009	2698
1009	2694
1009	2700
1009	2689
1009	2695
1009	2690
1009	2699
1014	2714
1014	2718
1014	2712
1014	2711
1014	2709
1014	2717
1014	2705
1014	2707
1017	2723
1018	2738
1018	2728
1018	2726
1018	2747
1018	2751
1018	2756
1018	2745
1018	2760
1018	2758
1018	2737
1018	2725
1018	2755
1018	2754
1018	2735
1018	2733
1018	2740
1018	2741
1018	2729
1018	2753
1018	2736
1018	2759
1018	2750
1019	2762
1020	2763
1025	2771
1028	2777
1028	2774
1030	2779
1032	2783
1033	2790
1033	2784
1033	2785
1033	2788
1040	2798
1042	2801
1043	2803
1050	2818
1050	2814
1050	2813
1050	2821
1050	2822
1050	2835
1050	2827
1050	2832
1050	2836
1050	2816
1050	2830
1050	2833
1050	2840
1050	2829
1050	2825
1050	2826
1050	2815
1050	2831
1050	2823
1053	2845
1057	2851
1057	2853
1057	2850
1058	2856
1059	2858
1060	2859
1061	2862
1062	2870
1062	2867
1062	2864
1062	2868
1062	2872
1063	2873
1066	2877
1067	2879
1072	2885
1073	2888
1076	2894
1078	2896
1082	2901
1083	2903
1084	2906
1085	2910
1085	2911
1085	2912
1086	2914
1086	2913
1086	2916
1087	2935
1087	2973
1087	3076
1087	2932
1087	3010
1087	3027
1087	2950
1087	2923
1087	2953
1087	3070
1087	3002
1087	2984
1087	3041
1087	2976
1087	2961
1087	2983
1087	3068
1087	2924
1087	2954
1087	2968
1087	3005
1087	3072
1087	3059
1087	2952
1087	2937
1087	3047
1087	3065
1087	3062
1087	2933
1087	3030
1087	2966
1087	2936
1087	3043
1087	3074
1087	2922
1087	2978
1087	2956
1087	2919
1087	2939
1087	2942
1087	3029
1087	3004
1087	3045
1087	3025
1087	3061
1087	3048
1087	2963
1087	2920
1087	2988
1087	2981
1087	2972
1087	2941
1087	2951
1087	2943
1087	3008
1087	2930
1087	3063
1087	2996
1087	3071
1087	3000
1087	2948
1087	2977
1087	2926
1087	2989
1087	2962
1087	3055
1087	2994
1087	3042
1087	2967
1087	3023
1087	3067
1087	2934
1087	2964
1087	3034
1087	3039
1087	3026
1087	3020
1087	2959
1087	3040
1087	2995
1087	2969
1087	2927
1087	2955
1087	3009
1087	2931
1087	3014
1087	2940
1087	2960
1087	2928
1087	3001
1087	2987
1087	3056
1087	3017
1087	3069
1091	3081
1094	3085
1095	3087
1100	3110
1100	3092
1100	3099
1100	3098
1100	3113
1100	3102
1100	3097
1100	3104
1100	3106
1100	3108
1100	3100
1100	3096
1100	3094
1104	3119
1104	3123
1104	3121
1106	3126
1108	3128
1111	3132
1112	3134
1112	3147
1112	1043
1112	3143
1112	3152
1112	3159
1112	3151
1112	3155
1112	3146
1112	3142
1112	3154
1112	3138
1112	3140
1112	3150
1112	3137
1112	3141
1114	3163
1116	3167
1116	3171
1116	3165
1116	3170
1119	3182
1119	3188
1119	3185
1119	3184
1119	3176
1119	3186
1119	3191
1119	3179
1119	3192
1119	3180
1120	3194
1120	3196
1123	3203
1123	3199
1123	3200
1124	3213
1124	3204
1124	3219
1124	3207
1124	3224
1124	3212
1124	3221
1124	3220
1124	3216
1124	3206
1124	3226
1124	3210
1124	3225
1124	3222
1126	3231
1127	3233
1129	3239
1129	3241
1129	3235
1129	3240
1132	3247
1135	3251
1136	3260
1136	3262
1136	3253
1136	3256
1136	3258
1136	3261
1136	3255
1138	3266
1140	3270
1140	3278
1140	3269
1140	3276
1140	3272
1140	3277
1140	3273
1141	3284
1141	3287
1141	3285
1141	3289
1145	3294
1148	3297
1149	3300
1149	3302
1150	3304
1159	3313
1163	3332
1163	3318
1163	3321
1163	3322
1163	3323
1163	3329
1163	3328
1163	3326
1163	3337
1163	3330
1163	3327
1163	3335
1164	3353
1164	3348
1164	3349
1164	3344
1164	3351
1164	3350
1164	3343
1164	3346
1164	3338
1167	3357
1171	3362
1172	3366
1172	3365
1180	3386
1180	3378
1180	3381
1180	3385
1180	3375
1180	3376
1180	3380
1181	3387
1181	3394
1181	3388
1181	3392
1185	3400
1185	3402
1185	3399
1185	3404
1186	3405
1191	3412
1192	3414
1193	3418
1193	3417
1193	3415
1194	3423
1195	3424
1197	3429
1198	3430
1199	3434
1200	3436
1201	3446
1201	3445
1201	3444
1201	3443
1201	3440
1201	3450
1201	3441
1201	3452
1201	3451
1201	3449
1201	3437
1201	3447
1202	3457
1202	3464
1202	3465
1202	3474
1202	3473
1202	3466
1202	3469
1202	3463
1202	3459
1202	3458
1206	3479
1206	3481
1209	3485
1210	3486
1210	3493
1210	3492
1210	3487
1212	3495
1214	3499
1215	3500
1216	3502
1217	3512
1217	3509
1217	3517
1217	3518
1217	3505
1217	3507
1217	3515
1217	3511
1217	3508
1218	3524
1218	3526
1218	3527
1218	3351
1218	3525
1219	3529
1221	3532
1222	3536
1223	3539
1223	3541
1223	3540
1223	3537
1224	3544
1226	3549
1227	3555
1227	3552
1227	3556
1227	3554
1229	3559
1230	3563
1240	3574
1240	3573
1241	3585
1241	3580
1241	3583
1241	3581
1241	3584
1241	3586
1242	3590
1242	3588
1242	3594
1242	3600
1242	3587
1242	3598
1242	3599
1242	3592
1242	3596
1243	3603
1243	3605
1243	3602
1245	3612
1245	3627
1245	3616
1245	3623
1245	3614
1245	3620
1245	3613
1245	3608
1245	3624
1245	3621
1245	3618
1245	3619
1245	3609
1245	3611
1245	3610
1247	3635
1249	3637
1250	3640
1251	3641
1251	3645
1251	3646
1251	3642
1251	3649
1251	3643
1251	3644
1255	3656
1256	3658
1259	3663
1259	3672
1259	3671
1259	3670
1259	3667
1259	3673
1259	3669
1260	3674
1262	3677
1263	3680
1264	3682
1264	3685
1264	3684
1264	3690
1264	3681
1264	3687
1264	3686
1264	3694
1264	3695
1265	3702
1265	3713
1265	3709
1265	3699
1265	3712
1265	3703
1265	3711
1265	3707
1265	3704
1265	3700
1265	3716
1265	3714
1266	3718
1267	3722
1273	3736
1273	3739
1273	3728
1273	3733
1273	3732
1273	3745
1273	3734
1273	3746
1273	3738
1273	3754
1273	3731
1273	3749
1273	3752
1273	3741
1273	3740
1273	3747
1277	3759
1278	3762
1279	3765
1283	3775
1283	3770
1283	3773
1283	3774
1284	3788
1284	3779
1284	3780
1284	3778
1284	3783
1284	3781
1284	3782
1286	3791
1287	3793
1289	3797
1290	3800
1290	3803
1290	3799
1290	3801
1291	3807
1293	3810
1296	3814
1297	3816
1300	3826
1300	3820
1300	3822
1300	3827
1301	3830
1301	3831
1301	3833
1302	3839
1302	3835
1302	3834
1303	3841
1305	3844
1305	3873
1305	3849
1305	3869
1305	3852
1305	3862
1305	3861
1305	3875
1305	3858
1305	3857
1305	3859
1305	3864
1305	3856
1305	3872
1305	3866
1305	3867
1305	3863
1305	3870
1305	3877
1305	3871
1305	3865
1307	3879
1313	3886
1314	3889
1316	3894
1316	3910
1316	3907
1316	3895
1316	3903
1316	3897
1316	3898
1316	3892
1316	3899
1316	3904
1316	3906
1316	3911
1322	3919
1324	3922
1326	3924
1327	3927
1328	3932
1328	3934
1328	3928
1328	3931
1330	3937
1332	3939
1333	3943
1335	3945
1337	3949
1338	3951
1339	3961
1339	3957
1339	3959
1339	3955
1339	3960
1342	3967
1342	3969
1342	3968
1345	3974
1346	3979
1346	3976
1346	3978
1347	3981
1347	3980
1347	3988
1347	3987
1347	3986
1351	4005
1351	4003
1351	3995
1351	3998
1351	3999
1351	4002
1351	4007
1351	4012
1351	4010
1351	4009
1351	3994
1351	4013
1351	4008
1353	4015
1353	4026
1353	4020
1353	4017
1353	4018
1353	4019
1353	4022
1354	4027
1355	4031
1361	4038
1364	4043
1368	4055
1368	4054
1368	4056
1368	4049
1368	4051
1368	4052
1370	4059
1373	4063
1375	4066
1379	4073
1379	4074
1379	4071
1381	4078
1382	4081
1382	4087
1382	4085
1382	4084
1382	4080
1383	4091
1385	4094
1385	4096
1388	4106
1388	4104
1388	4103
1388	4100
1388	4102
1389	4112
1389	4116
1389	4120
1389	4118
1389	4109
1389	4113
1389	4119
1390	4122
1392	4124
1394	4141
1394	4142
1394	4140
1394	4127
1394	4130
1394	4133
1394	4136
1394	4145
1394	4132
1394	4129
1394	4144
1398	4152
1398	4153
1398	4151
1406	4162
1407	4164
1410	4168
1411	4171
1412	4177
1412	4180
1412	4173
1412	4174
1412	4185
1412	4172
1412	4183
1412	4178
1413	4187
1414	4188
1414	4193
1414	4190
1414	4194
1415	4197
1417	4200
1419	4202
1419	4204
1419	4205
1420	4218
1420	4211
1420	4207
1420	4209
1420	4219
1420	4215
1420	4220
1420	4221
1420	4216
1421	4228
1421	4224
1421	4232
1421	4231
1421	4233
1421	4237
1421	4223
1421	4225
1421	4234
1424	4263
1424	4279
1424	4269
1424	4259
1424	4287
1424	4285
1424	4266
1424	4277
1424	4281
1424	4248
1424	4256
1424	4242
1424	4289
1424	4276
1424	4258
1424	4275
1424	4262
1424	4245
1424	4252
1424	4280
1424	4282
1424	4249
1424	4273
1424	4246
1424	4257
1424	4286
1424	4284
1424	4247
1424	4274
1424	4288
1425	4297
1425	4299
1425	4296
1425	4291
1425	4295
1425	4298
1425	4300
1426	4302
1429	4307
1433	4311
1436	4318
1439	4322
1441	4325
1446	4338
1446	4347
1446	4336
1446	4350
1446	4341
1446	4340
1446	4330
1446	4335
1446	4349
1446	4339
1446	4334
1446	4346
1447	4353
1447	4352
1447	4360
1447	4351
1447	4357
1447	4359
1447	4363
1447	4361
1448	4369
1448	4377
1448	4372
1448	4370
1448	4381
1448	4371
1448	4382
1448	4373
1448	4368
1448	4383
1448	4378
1449	4385
1450	4393
1450	4410
1450	4400
1450	4402
1450	4398
1450	4417
1450	4415
1450	4416
1450	4389
1450	4407
1450	4408
1450	4411
1450	4420
1450	4395
1450	4391
1450	4396
1450	4397
1450	4388
1450	4406
1450	4399
1450	4413
1454	4425
1456	4428
1456	4429
1457	4432
1458	4436
1459	4438
1462	4441
1464	4445
1466	4449
1466	4450
1466	4447
1468	4454
1469	4456
1469	4458
1471	4460
1473	4463
1480	4472
1481	4474
1482	4476
1483	4482
1483	4479
1483	4480
1488	4487
1489	4490
1490	4498
1490	4500
1490	4492
1490	4497
1490	4493
1490	4496
1491	4502
1494	4507
1497	4511
1498	4516
1498	4514
1498	4517
1499	4523
1499	4521
1499	4520
1499	4519
1500	4527
1500	4525
1500	4528
1500	4531
1501	4534
1502	4535
1504	4542
1504	4541
1504	4538
1505	4544
1508	4547
1508	4551
1508	4550
1510	4556
1514	4561
1515	4562
1518	4569
1523	4576
1523	4579
1523	4581
1523	4587
1523	4584
1523	4577
1523	4575
1523	4574
1526	4590
1529	4598
1529	4599
1529	4600
1531	4603
1537	4609
1538	4612
1539	4613
1540	4615
1544	4621
1545	4623
1545	4628
1545	4634
1545	4622
1545	4640
1545	4632
1545	4633
1545	4636
1545	4625
1545	4627
1545	4624
1545	4638
1545	4641
1546	4647
1546	4645
1550	4658
1550	4651
1550	4661
1550	4653
1550	4656
1550	4659
1550	4660
1551	4663
1555	4689
1555	4686
1555	4677
1555	4671
1555	4675
1555	4679
1555	4673
1555	4672
1555	4682
1555	4676
1555	4688
1555	4680
1555	4687
1555	4683
1555	4695
1555	4694
1555	4696
1555	4692
1556	4699
1556	4702
1559	4705
1560	4714
1560	4708
1560	4709
1560	4710
1561	4716
1578	4756
1578	4742
1578	4752
1578	4733
1578	4749
1578	4763
1578	4751
1578	4738
1578	4745
1578	4735
1578	4766
1578	4762
1578	4740
1578	4739
1578	4734
1578	4748
1578	4765
1578	4764
1578	4744
1578	4741
1583	4771
1583	4772
1583	4780
1583	4773
1583	4777
1583	4775
1584	4781
1586	4786
1589	4789
1590	4792
1592	4797
1592	4798
1592	4796
1593	4800
1594	4802
1596	4824
1596	4808
1596	4804
1596	4815
1596	4823
1596	4820
1596	4822
1596	4813
1596	4807
1596	4805
1596	4811
1596	4819
1596	4810
1598	4829
1598	4832
1598	4831
1598	4827
1598	4830
1599	4837
1600	4838
1602	4843
1604	4851
1604	4856
1604	4871
1604	4849
1604	4845
1604	4854
1604	4867
1604	4861
1604	4865
1604	4858
1604	4872
1604	4848
1604	4852
1604	4870
1604	4868
1604	4855
1608	4876
1610	4893
1610	4900
1610	4888
1610	4902
1610	4885
1610	4898
1610	4884
1610	4899
1610	4903
1610	4897
1610	4889
1610	4894
1610	4882
1610	4883
1610	4891
1612	4906
1615	4910
1616	4912
1622	4918
1623	4921
1623	4925
1623	4922
1624	4927
1627	4934
1627	4931
1627	4932
1634	4942
1634	4943
1634	4946
1634	4944
1634	4947
1634	4941
1635	4951
1637	4955
1638	4964
1638	4971
1638	4970
1638	4968
1638	4957
1638	4967
1638	4959
1638	4958
1638	4960
1642	4978
1642	4977
1644	4987
1644	4982
1644	4989
1644	4984
1644	4983
1644	4985
1646	4998
1646	5001
1646	5004
1646	4992
1646	5000
1646	4995
1646	4999
1646	4997
1646	4994
1646	5003
1647	5008
1649	5013
1649	5012
1650	5015
1652	5019
1654	5026
1654	5025
1654	5023
1654	5022
1656	5029
1659	5033
1665	5042
1666	5044
1670	5052
1670	5048
1670	5053
1670	4823
1672	5056
1674	5060
1675	5063
1679	5067
1687	5076
1690	5080
1695	5087
1696	5089
1697	5095
1697	5092
1697	5094
1698	5099
1698	5097
1700	5104
1700	5101
1700	5105
1701	5108
1704	5111
1706	5114
1709	5123
1709	5120
1709	5121
1711	5130
1711	5126
1711	5129
1714	5133
1714	5134
1715	5139
1715	5137
1715	5141
1715	5143
1716	5152
1716	5154
1716	5146
1716	5151
1716	5148
1716	5145
1716	5153
1722	5162
1723	5163
1726	5169
1727	5170
1728	5172
1732	5245
1732	5197
1732	5236
1732	5221
1732	5206
1732	5177
1732	5220
1732	5226
1732	5224
1732	5211
1732	5189
1732	5235
1732	5194
1732	5222
1732	5227
1732	5199
1732	5228
1732	5243
1732	5219
1732	5203
1732	5212
1732	5184
1732	5214
1732	5205
1732	5218
1732	5208
1732	5229
1732	5242
1732	5181
1732	5183
1732	5180
1732	5192
1732	5193
1732	5190
1732	5182
1732	5179
1732	5239
1732	5185
1732	5217
1732	5186
1732	5234
1736	5252
1736	5251
1738	5256
1742	5260
1745	5266
1747	5286
1747	5279
1747	5296
1747	5285
1747	5268
1747	5303
1747	5300
1747	5302
1747	5312
1747	5297
1747	5283
1747	5276
1747	5301
1747	5270
1747	5282
1747	5308
1747	5288
1747	5287
1747	5277
1747	5295
1747	5275
1747	5280
1747	5298
1747	5281
1747	5273
1747	5272
1747	5289
1748	5313
1749	5316
1751	5324
1751	5323
1751	5320
1751	5322
1754	5329
1754	5328
1754	5331
1757	5337
1757	5335
1758	5338
1758	5339
1766	5349
1771	5356
1775	5362
1775	5372
1775	5373
1775	5364
1775	5367
1775	5374
1775	5365
1775	5371
1775	5363
1777	5387
1777	5388
1777	5384
1777	5377
1777	5386
1777	5381
1777	5383
1778	5391
1779	5407
1779	5412
1779	5400
1779	5404
1779	5401
1779	5398
1779	5409
1779	5406
1779	5414
1779	5393
1779	5394
1779	5408
1779	5392
1785	5421
1788	5425
1788	5427
1792	5432
1793	5435
1793	5436
1793	5434
1797	5442
1799	5448
1799	5445
1803	5452
1803	5455
1804	5457
1805	5459
1810	5464
1811	5485
1811	5471
1811	5483
1811	5469
1811	5480
1811	5477
1811	5466
1811	5467
1811	5484
1811	5481
1811	5472
1811	5473
1812	5487
1823	5502
1823	5500
1823	5504
1824	5506
1824	5507
1826	5511
1827	5512
1833	5519
1833	5523
1833	5522
1834	5524
1835	5526
1836	5538
1836	5537
1836	5530
1836	5535
1836	5529
1836	5534
1838	5542
1840	5545
1841	5548
1841	5550
1841	5549
1842	5552
1850	5564
1850	5566
1850	5563
1850	5561
1850	5569
1850	5571
1850	5565
1850	5572
1850	5562
1852	5577
1853	5578
1854	5580
1857	5584
1859	5588
1859	5590
1860	5591
1860	5593
1862	5596
1864	5604
1864	5602
1864	5599
1864	5605
1864	5603
1865	5612
1865	5610
1865	5611
1872	5623
1872	5622
1872	5624
1874	5627
1877	5630
1878	5637
1878	5635
1878	5633
1879	5640
1881	5646
1881	5643
1881	5642
1882	5648
1883	5654
1883	5649
1883	5652
1888	5662
1888	5661
1889	5665
1889	5663
1895	5673
1896	5676
1896	5683
1896	5678
1896	5684
1896	5685
1896	5681
1896	5677
1898	5688
1898	5687
1898	5689
1901	5694
1901	5695
1903	5699
1907	5704
1907	5706
1910	5711
1911	5756
1911	5714
1911	5738
1911	5748
1911	5722
1911	5729
1911	5772
1911	5713
1911	5716
1911	5775
1911	5746
1911	5719
1911	5749
1911	5744
1911	5715
1911	5777
1911	5752
1911	5743
1911	5755
1911	5769
1911	5727
1911	5770
1911	5771
1911	5785
1911	5712
1911	5731
1911	5760
1911	5724
1911	5750
1911	5761
1911	5742
1911	5737
1911	5723
1911	5728
1911	5717
1911	5784
1911	5780
1911	5747
1911	5736
1911	5726
1911	5745
1911	5774
1911	5767
1911	5718
1916	5791
1919	5797
1921	5802
1921	5800
1921	5803
1924	5807
1925	5809
1927	5815
1929	5817
1929	5822
1929	5821
1929	5818
1934	5829
1936	5833
1940	5840
1940	5843
1940	5852
1940	5845
1940	5841
1940	5846
1940	5842
1940	5855
1940	5838
1940	5848
1940	5851
1942	5859
1942	5873
1942	5874
1942	5865
1942	5864
1942	5857
1942	5861
1942	5869
1942	5876
1942	5862
1942	5858
1942	5860
1945	5881
1945	5882
1945	5884
1948	5888
1951	5896
1951	5902
1951	5894
1951	5899
1951	5900
1951	5893
1951	5901
1953	5906
1953	5911
1953	5910
1953	5915
1953	5912
1953	5905
1953	5907
1957	4586
1957	5931
1957	5934
1957	5936
1957	5946
1957	5930
1957	5940
1957	5925
1957	5926
1957	5938
1957	5927
1957	5929
1957	5944
1957	5947
1957	5920
1957	5921
1957	5923
1957	5943
1958	5951
1959	5954
1959	5955
1961	5961
1961	5963
1961	5960
1961	5958
1966	5970
1968	5976
1968	5979
1968	5975
1968	5982
1968	5985
1968	5972
1968	5981
1968	5974
1973	5991
1973	5992
1977	6003
1977	6000
1977	5998
1977	6005
1977	6009
1977	6004
1977	5997
1977	6008
1978	6011
1979	6031
1979	6025
1979	6018
1979	6027
1979	6019
1979	6029
1979	6022
1979	6030
1979	6026
1979	6035
1979	6032
1979	6023
1979	6014
1979	6016
1979	6034
1981	6042
1981	6043
1981	6041
1981	6044
1981	6040
1981	6045
1982	6050
1982	6052
1982	6053
1983	6055
1987	6065
1987	6067
1987	6064
1987	6069
1987	6066
1987	6061
1994	6077
1995	6081
1997	6088
1997	6086
1997	6084
1999	6092
1999	6090
1999	6093
2007	6102
2010	6106
2010	6108
2011	6113
2011	6112
2012	6114
2013	6116
2014	6124
2014	6128
2014	6129
2014	6120
2014	6121
2014	6123
2014	6118
2014	6130
2015	6133
2016	6135
2017	6136
2017	6138
2017	6140
2018	6142
2019	6145
2019	6147
2019	6148
2020	6149
2021	6158
2021	6156
2021	6161
2021	6151
2021	6154
2021	6162
2021	6153
2021	6155
2022	6170
2022	6165
2022	6171
2022	6164
2024	6174
2025	6177
2028	6180
2029	6184
2029	6185
2030	6187
2034	6192
2035	6196
2037	6198
2040	6212
2040	6205
2040	6203
2040	6208
2040	6204
2040	6213
2040	6209
2040	6202
2040	6210
2041	6219
2046	6234
2046	6231
2046	6233
2046	6236
2046	6232
2046	6226
2046	6235
2049	6242
2049	6243
2049	6241
2049	6240
2053	6249
2055	6252
2056	6254
2058	6258
2059	6266
2059	6263
2059	6269
2059	6264
2059	6262
2059	5915
2062	6299
2062	6282
2062	6302
2062	6275
2062	6290
2062	6278
2062	6298
2062	6277
2062	6305
2062	6300
2062	6293
2062	6273
2062	6294
2062	6279
2062	6284
2062	6308
2062	6276
2062	6281
2062	6286
2062	6307
2062	6303
2069	6316
2069	6318
2069	6321
2069	6320
2070	6330
2070	6338
2070	6337
2070	6327
2070	6324
2070	6325
2070	6322
2070	6329
2070	6336
2070	6332
2072	6340
2075	6348
2075	6347
2075	6345
2076	6351
2076	6354
2076	6349
2076	6355
2077	6357
2077	6356
2078	6362
2081	6365
2083	6369
2088	6375
2088	6377
2089	6379
2091	6384
2091	6393
2091	6385
2091	6386
2091	6394
2091	6391
2091	6383
2091	6388
2093	6398
2096	6404
2096	6408
2096	6409
2096	6407
2096	6406
2102	6420
2102	6417
2102	6419
2104	6427
2104	6425
2104	6430
2104	6431
2104	6423
2104	6424
2105	6453
2105	6441
2105	6469
2105	6458
2105	6446
2105	6466
2105	6439
2105	6459
2105	6462
2105	6471
2105	6448
2105	6433
2105	6435
2105	6449
2105	6468
2105	6456
2105	6437
2105	6470
2105	6463
2105	6447
2105	6442
2105	6443
2105	6473
2105	6461
2105	6438
2105	6444
2105	6457
2105	6464
2108	6481
2110	6485
2113	6493
2113	6490
2113	2408
2113	6492
2113	6496
2115	6510
2115	6500
2115	6509
2115	6506
2115	6504
2115	6503
2115	6499
2115	6498
2115	6502
2115	6507
2117	6517
2118	6522
2118	6519
2118	6520
2119	6529
2119	6530
2119	6526
2119	6532
2121	6540
2121	6541
2121	6535
2121	6537
2121	6544
2121	6539
2121	6542
2124	6548
2126	6558
2126	6556
2126	6554
2126	6552
2128	6561
2130	6569
2130	6571
2130	6570
2130	6567
2130	6573
2130	6572
2130	6575
2142	6588
2149	6596
2152	6603
2152	6599
2152	6601
2158	6610
2161	6614
2164	6617
2167	6627
2167	6628
2167	6633
2167	6629
2167	6626
2167	6631
2167	6634
2167	6624
2171	6638
2171	6640
2171	6641
2174	6646
2175	6655
2175	6649
2175	6657
2175	6652
2175	6647
2175	6656
2175	6659
2175	6654
2175	6653
2177	6664
2180	6671
2180	6670
2180	6668
2184	6676
2187	6687
2187	6680
2187	6683
2187	6684
2187	6682
2187	6686
2189	6692
2189	6691
2192	6698
2194	6709
2194	6710
2194	6701
2194	6702
2194	6707
2194	6700
2194	6706
2207	6728
2207	6726
2207	6729
2209	6733
2212	6736
2221	6747
2222	6749
2224	6758
2224	6754
2224	6756
2224	6757
2231	6766
2231	6765
2231	6767
2238	6780
2238	6782
2238	6778
2241	6788
2241	6791
2241	6792
2241	6785
2243	6796
2243	6794
2245	6805
2245	6801
2245	6799
2245	6803
2246	6813
2246	6814
2246	6807
2246	6812
2254	6823
2257	6827
2257	6826
2257	6829
2258	6832
2264	6840
2268	6844
2269	6848
2269	6851
2269	6849
2269	6847
2270	6857
2270	6860
2270	6853
2270	6854
2270	6861
2270	6855
2270	6863
2271	6871
2271	6875
2271	6872
2271	6876
2271	6868
2271	6867
2271	6865
2271	6869
2275	6882
2279	6886
2281	6889
2281	6892
2301	6912
2302	6922
2302	6915
2302	6920
2302	6914
2302	6918
2302	6923
2303	6926
2303	6927
2306	6935
2306	6931
2306	6934
2306	6932
2309	6940
2315	6948
2315	6950
2315	6946
2320	6955
2320	6958
2322	6962
2322	6960
2322	6961
2330	6972
2331	6974
2332	6978
2332	6976
2332	6979
2339	6988
2341	6992
2347	6999
2348	7002
2349	7003
2352	7007
2352	7008
2358	7020
2358	7016
2358	7017
2359	7021
2361	7027
2361	7030
2361	7028
2369	7039
2371	7042
2373	7046
2375	7056
2375	7049
2375	7053
2375	7055
2375	7052
2375	7057
2379	7069
2379	2408
2379	7072
2379	7068
2379	7063
2379	7062
2379	7061
2382	7075
2382	7076
2389	7085
2392	7089
2393	7092
2394	7100
2394	7101
2394	7113
2394	7104
2394	7095
2394	7112
2394	7097
2394	7107
2394	7096
2394	7105
2394	7111
2394	7093
2394	7106
2394	7114
2396	7117
2397	7120
2404	7128
2406	7130
2408	7139
2408	7134
2408	7136
2410	7143
2413	7146
2413	7149
2414	7150
2414	7152
2415	7154
2417	7158
2418	7161
2418	7160
2423	7169
2423	7168
2426	7174
2426	7173
2427	7177
2428	7180
2435	7190
2435	7192
2435	7188
2435	7189
2436	7195
2437	7200
2437	7198
2437	7203
2437	7199
2443	7209
2445	7215
2445	7214
2445	7216
2445	7213
2445	7217
2450	7226
2450	7227
2450	7240
2450	7236
2450	7229
2450	7244
2450	7234
2450	7245
2450	7247
2450	4586
2450	7238
2450	7232
2450	7233
2450	7242
2452	7252
2452	7253
2452	7257
2452	7254
2452	7255
2452	7250
2453	7261
2453	7260
2453	7262
2460	7270
2461	7274
2464	7277
2470	7285
2471	7288
2471	7289
2473	7291
2477	7299
2477	7305
2477	7303
2477	7300
2477	7297
2477	7306
2477	7304
2480	7311
2484	7316
2488	7337
2488	7331
2488	7342
2488	7330
2488	7338
2488	7322
2488	7324
2488	7345
2488	7332
2488	7336
2488	7343
2488	7334
2488	7341
2488	7327
2488	7344
2492	7350
2495	7355
2495	7358
2495	7354
2500	7365
2503	7368
2503	7370
2506	7374
2506	7378
2506	7375
2506	7380
2510	7385
2513	7388
2515	7392
2516	7394
2519	7398
2527	7408
2528	7414
2528	7413
2528	7409
2528	7411
2533	7420
2543	7432
2543	7433
2543	7437
2543	7436
2543	7438
2543	7440
2543	7442
2544	7446
2546	7449
2553	7456
2554	7457
2556	7460
2558	7464
2560	7468
2564	7473
2565	7474
2570	7481
2573	7485
2575	7488
2576	7489
2577	7491
2580	7497
2580	7495
2580	7498
2582	7505
2582	7504
2582	7502
2582	7507
2583	7509
2586	7513
2589	7518
2591	7521
2592	7522
2592	7526
2592	7523
2593	7529
2593	7533
2593	7527
2593	7532
2594	7535
2596	7538
2597	7539
2603	7548
2607	7553
2608	7556
2608	7557
2608	7558
2608	7555
2609	7564
2610	7567
2620	7577
2623	7583
2625	7586
2626	7589
2626	7595
2626	7587
2626	7592
2626	7596
2626	7591
2633	7605
2633	7609
2633	7607
2633	7608
2635	7615
2635	7611
2635	7613
2636	7617
2637	7622
2637	7618
2637	7623
2637	7624
2637	7625
2640	7631
2640	7632
2640	7633
2640	7629
2640	7635
2640	7634
2641	7639
2642	7642
2647	7648
2647	7651
2647	7649
2648	7654
2649	7655
2654	7661
2656	7665
2659	7668
2662	7673
2664	7680
2664	7679
2664	7684
2664	7686
2664	7678
2664	7683
2664	7685
2664	7688
2664	7690
2668	7698
2668	7696
2668	7699
2669	7700
2669	7703
2672	7706
2675	7711
2682	7720
2682	7718
2683	7724
2683	7723
2683	7726
2683	7722
2686	7732
2687	7737
2687	7740
2687	7734
2687	7733
2690	7745
2690	7744
2690	7747
2698	7755
2699	7757
2701	7760
2706	7766
2711	7772
2714	7777
2717	7782
2722	7787
2723	7790
2735	7803
2747	7815
2748	7818
2750	7822
2751	7825
2752	7827
2755	7832
2755	7834
2756	7836
2759	7842
2759	7840
2761	7845
2763	7848
2765	7853
2765	7850
2765	7854
2767	7857
2768	7859
2769	7861
2770	7862
2770	7863
2771	7870
2771	7867
2771	7868
2774	7873
2776	7878
2777	7879
2778	7883
2778	7885
2780	7890
2780	7888
2780	7891
2780	7889
2783	7901
2783	3260
2783	7900
2783	7896
2783	7897
2783	7903
2783	7899
2785	7911
2785	7908
2785	7912
2790	7918
2791	7921
2791	7923
2792	7925
2792	7927
2792	7924
2795	7932
2795	7934
2801	7940
2801	7942
2801	7946
2801	7943
2802	7949
2802	7947
2802	7948
2806	7957
2807	7959
2808	7961
2809	7972
2809	7963
2809	7970
2809	7975
2809	7974
2809	7976
2809	7968
2809	7964
2813	7985
2813	7982
2813	7987
2813	7986
2813	7984
2814	7989
2819	8006
2819	8004
2819	7998
2819	7996
2819	8002
2819	8007
2819	8000
2821	8009
2823	8014
2824	8017
2825	8026
2825	8021
2825	8018
2825	8019
2825	8029
2825	8030
2825	8025
2827	8032
2827	8034
2830	8039
2831	8043
2831	8041
2831	8046
2831	8044
2839	8055
2840	8067
2840	8069
2840	8074
2840	8060
2840	8080
2840	8075
2840	8071
2840	8059
2840	8063
2840	8082
2840	8064
2840	8073
2840	8083
2840	8085
2840	8068
2840	8078
2840	8057
2843	8089
2846	8097
2846	8092
2846	8096
2846	8098
2848	8104
2848	8102
2853	8109
2857	8115
2858	8116
2858	8121
2858	8123
2858	8120
2858	8127
2858	8118
2858	8125
2858	8119
2859	8133
2859	8144
2859	8140
2859	8130
2859	8134
2859	8135
2859	8142
2859	8132
2859	8147
2859	8137
2865	8154
2865	8156
2867	8159
2867	8163
2867	8158
2867	2408
2867	8162
2867	8160
2867	8166
2871	8173
2872	8176
2875	8180
2876	8181
2877	8198
2877	8200
2877	8201
2877	8187
2877	8188
2877	8189
2877	8191
2877	8195
2877	8193
2877	8184
2879	8203
2880	8206
2881	8210
2883	8214
2884	8216
2884	8217
2886	8224
2886	8225
2886	8220
2886	8227
2888	8230
2888	8232
2891	8235
2894	8249
2894	8243
2894	8252
2894	8250
2894	8241
2894	8242
2894	8248
2894	8251
2894	8239
2894	8240
2895	8257
2895	8258
2895	8255
2895	8260
2897	8271
2897	8267
2897	8268
2897	8270
2897	8269
2899	8274
2902	8282
2902	8279
2902	8277
2903	8283
2903	8286
2903	8288
2903	8287
2904	8290
2904	8293
2906	8304
2906	8299
2906	8295
2906	8302
2906	8300
2906	8301
2908	8311
2908	8312
2908	8310
2909	8313
2909	7531
2909	8317
2910	8318
2910	8319
2914	8325
2915	8328
2916	8331
2917	8342
2917	8340
2917	8345
2917	8333
2917	8337
2917	8344
2917	8343
2917	8334
2917	8346
2918	8348
2924	8356
2925	8358
2928	8362
2930	8369
2930	8367
2930	8368
2932	8371
2932	8372
2934	8378
2935	8379
2936	8382
2937	8384
2938	8386
2943	8394
2943	8397
2943	8399
2943	8396
2945	8403
2946	8405
2951	8412
2961	8422
2961	8424
2961	8425
2961	8426
2961	8430
2963	8432
2965	8436
2966	8438
2968	8452
2968	8451
2968	8454
2968	8455
2968	8443
2968	8449
2968	8448
2968	8450
2968	8441
2978	8466
2979	8468
2979	8470
2984	8478
2984	8481
2984	8475
2984	8477
2985	8485
2985	8484
2985	8490
2985	8493
2985	8492
2985	6805
2985	8483
2985	8494
2985	8491
2987	8497
2988	8499
2989	8501
2990	8504
2994	8510
2995	8515
2995	8516
2995	8512
2996	8518
2997	8520
3000	8523
3000	8524
3001	8529
3001	8528
3001	8531
3006	8536
3010	8542
3011	8545
3011	8544
3011	8548
3012	8552
3012	8559
3012	8557
3012	8549
3012	8558
3012	8550
3012	8556
3012	8562
3012	8553
3013	8567
3013	8568
3013	8564
3014	8570
3016	8583
3016	8576
3016	8575
3016	8577
3016	8582
3016	8578
3016	8573
3017	8592
3017	8589
3017	8585
3017	8597
3017	8588
3017	8584
3017	8596
3017	8591
3017	8594
3019	8601
3023	8605
3027	8612
3028	8616
3028	8614
3028	8613
3029	8619
3030	8623
3030	8625
3030	8621
3031	8626
3032	8629
3034	8631
3035	8633
3036	8636
3037	8640
3040	8653
3040	8655
3040	8644
3040	8651
3040	8646
3040	8645
3040	8650
3040	8647
3050	8672
3050	8691
3050	8687
3050	8678
3050	8668
3050	8679
3050	8681
3050	8675
3050	8682
3050	8689
3050	8669
3050	8677
3050	8684
3050	8690
3050	8683
3050	8676
3052	8695
3052	8694
3053	8698
3053	8709
3053	8707
3053	8702
3053	8712
3053	8713
3053	8714
3053	8699
3053	8697
3053	8705
3053	8708
3054	8720
3054	4349
3054	8718
3054	8722
3056	8731
3056	8727
3056	8724
3056	8729
3057	8734
3057	8735
3063	8742
3064	8747
3064	8746
3064	8743
3066	8749
3068	8753
3068	8755
3071	8760
3073	8765
3073	8767
3073	8762
3074	8769
3077	8773
3078	8776
3078	8775
3079	8784
3079	8781
3079	8783
3079	8778
3079	8779
3084	8792
3086	8797
3086	8795
3086	8799
3088	8801
3088	8804
3089	8806
3092	8813
3092	8817
3092	8812
3092	8814
3094	8820
3094	8822
3094	8821
3095	8824
3096	8827
3096	8830
3096	8826
3098	8833
3100	8835
3104	8842
3105	8845
3105	8850
3105	8848
3105	8844
3107	8852
3108	8855
3111	8859
3111	8861
3111	8860
3112	8865
3112	8871
3112	8866
3112	8867
3112	8864
3112	8869
3114	8877
3117	8880
3118	8882
3119	8884
3123	8889
3124	8891
3124	8898
3124	8900
3124	8901
3124	8899
3124	8893
3124	8894
3127	8904
3127	8907
3127	8909
3127	8911
3127	8908
3128	8913
3139	8925
3141	8929
3142	8933
3142	8930
3144	8935
3145	8937
3147	8940
3149	8944
3149	8945
3149	8947
3151	8950
3153	8954
3153	8956
3153	8957
3155	8959
3156	8961
3157	8974
3157	8972
3157	8977
3157	8970
3157	8976
3157	8971
3157	8968
3157	8966
3158	8980
3158	8981
3158	8987
3158	8978
3158	8982
3158	8979
3160	8990
3162	8993
3162	8996
3162	9000
3162	8999
3162	8994
3170	9013
3170	9012
3170	9010
3171	9015
3171	9014
3173	9020
3174	9021
3175	9023
3176	9026
3177	9030
3177	9027
3179	9033
3181	9040
3181	9038
3181	9044
3181	9037
3181	9039
3181	9035
3183	9047
3188	9055
3188	9057
3188	9056
3191	9060
3193	9065
3194	9066
3195	9075
3195	9069
3195	9068
3195	9071
3198	9079
3199	9084
3199	9080
3199	9082
3200	9086
3202	9107
3202	9103
3202	9095
3202	9102
3202	9096
3202	9104
3202	9092
3202	9094
3202	9106
3202	9090
3202	9093
3202	9099
3202	9097
3209	9119
3209	9117
3209	9118
3210	9121
3216	9128
3216	9130
3216	9131
3217	9133
3218	9143
3218	9137
3218	9135
3218	9141
3218	9136
3223	9151
3223	9164
3223	9167
3223	9171
3223	9155
3223	9152
3223	9156
3223	9163
3223	9169
3223	9162
3223	9170
3223	9154
3223	9153
3223	9168
3226	9178
3226	9174
3226	9176
3228	9181
3228	9184
3228	9180
3228	9187
3228	9188
3228	9191
3228	9190
3230	9193
3232	9198
3232	9196
3239	9207
3242	9210
3252	9222
3253	9225
3255	9227
3257	9231
3258	9237
3258	9234
3259	9238
3260	9242
3261	9244
3261	9246
3261	9245
3264	9250
3265	9255
3267	9257
3269	9261
3271	9266
3272	9267
3273	9269
3276	9275
3277	9277
3278	9281
3279	9283
3284	9313
3284	9296
3284	9294
3284	9291
3284	9295
3284	9304
3284	9289
3284	9300
3284	9292
3284	9308
3284	9312
3284	9299
3284	9293
3284	9290
3284	9305
3287	9317
3291	9323
3291	9324
3291	9321
3292	9326
3296	9331
3298	9334
3298	9338
3298	9335
3299	9347
3299	9342
3299	9341
3299	9344
3299	9345
3300	9356
3300	9351
3300	9354
3300	9350
3310	9368
3311	9375
3311	9384
3311	9376
3311	9373
3311	9380
3311	9374
3311	9370
3311	9371
3311	9379
3311	9385
3311	9377
3311	9369
3312	9390
3312	9395
3312	9397
3312	9396
3312	9391
3314	9401
3319	9408
3319	9407
3319	9406
3322	9415
3322	9417
3325	9420
3326	9422
3327	9425
3330	9431
3331	9433
3331	9435
3331	9432
3332	9440
3332	9438
3335	9445
3335	9446
3335	9444
3339	9456
3339	9454
3339	9457
3339	9458
3339	9459
3339	9455
3348	9468
3352	9474
3354	9476
3358	9483
3362	9493
3362	9487
3362	9492
3362	9495
3362	9494
3363	9496
3365	9500
3366	9506
3366	9503
3366	9507
3367	9513
3367	9514
3367	9515
3367	9510
3369	9517
3370	9521
3377	9534
3377	9535
3377	9528
3377	9531
3377	9538
3377	9530
3379	9540
3385	9547
3386	9554
3386	9552
3386	9555
3389	9558
3389	9559
3390	9574
3390	9573
3390	9567
3390	9569
3390	9565
3390	9576
3390	9585
3390	9566
3390	9562
3390	9571
3390	9579
3390	9583
3390	9575
3390	9568
3394	9590
3398	9595
3399	9598
3399	9597
3400	9600
3401	9603
3404	9609
3409	9616
3409	9637
3409	9626
3409	9639
3409	9636
3409	9615
3409	9644
3409	9620
3409	9624
3409	9638
3409	9632
3409	9642
3409	9625
3409	9623
3409	9641
3409	9614
3409	9618
3409	9617
3409	9621
3410	9651
3410	9654
3410	9648
3410	9646
3410	5915
3410	9649
3410	9647
3411	9658
3411	9659
3411	9663
3411	9661
3412	9666
3412	9669
3412	9672
3412	9665
3412	9671
3413	9676
3413	9677
3414	9679
3415	9681
3417	9684
3419	9689
3419	9693
3419	9690
3419	9687
3419	9686
3422	9697
3422	9698
3422	9706
3422	9704
3422	9703
3422	9701
3424	9711
3424	9709
3427	9722
3427	9716
3427	9726
3427	9725
3427	9724
3427	9720
3427	9718
3429	9743
3429	9732
3429	9736
3429	9739
3429	9735
3429	9731
3429	9733
3429	9729
3429	9728
3429	9742
3432	9748
3434	9752
3435	9758
3435	9756
3435	9759
3435	9757
3436	9762
3437	9763
3440	9772
3440	9769
3440	9771
3440	9774
3440	9776
3440	9767
3440	9777
3449	9788
3451	9797
3451	9794
3451	9795
3451	9790
3452	9805
3452	9799
3452	9802
3452	9804
3453	9812
3453	9808
3453	9807
3453	9811
3456	9818
3456	9815
3458	9820
3461	9844
3461	9843
3461	9826
3461	9838
3461	9842
3461	9839
3461	9827
3461	9846
3461	9841
3461	9851
3461	9835
3461	9833
3461	9836
3461	9831
3461	9824
3461	9830
3463	9854
3463	9853
3468	9861
3470	9879
3470	9876
3470	9867
3470	9875
3470	9882
3470	9883
3470	9868
3470	9870
3470	9878
3470	9880
3470	9865
3470	9874
3472	9885
3472	9887
3474	9890
3474	9894
3474	9896
3474	9895
3474	9893
3474	9903
3474	9898
3474	9891
3475	9904
3475	9905
3480	9914
3482	9916
3482	9928
3482	9926
3482	9927
3482	9931
3482	9930
3482	9929
3482	9921
3482	9925
3482	9922
3484	9935
3486	9938
3490	9943
3491	9945
3491	9944
3494	9951
3496	9953
3498	9958
3502	9976
3502	9981
3502	9977
3502	9964
3502	9973
3502	9971
3502	9965
3502	9970
3502	9969
3502	9983
3502	9984
3502	9982
3502	9980
3503	9996
3503	9994
3503	9985
3503	9988
3503	9993
3503	9986
3503	9992
3504	10003
3504	10004
3504	10002
3504	10000
3505	10005
3506	10012
3506	10010
3506	10009
3508	10027
3508	10020
3508	10015
3508	10018
3508	10024
3508	10022
3508	10023
3508	10021
3508	10028
3509	10030
3511	10032
3511	10034
3511	10033
3511	10051
3511	10042
3511	10046
3511	10036
3511	10041
3511	10039
3511	10050
3511	10040
3511	10048
3512	10054
3514	10056
3515	10060
3517	10079
3517	10081
3517	10074
3517	10068
3517	10078
3517	10080
3517	10067
3517	10072
3517	10069
3517	10076
3517	10063
3517	10075
3517	10066
3518	10103
3518	10097
3518	10101
3518	10095
3518	10089
3518	10086
3518	10088
3518	10094
3518	10096
3518	4377
3518	10104
3518	10100
3518	10099
3518	10102
3519	10110
3519	10106
3519	10105
3519	10109
3519	10112
3519	10107
3523	10119
3525	10121
3528	10127
3530	10131
3530	10129
3531	10134
3532	10136
3538	10143
3539	10148
3539	10149
3539	10151
3539	10145
3539	10150
3545	10159
3546	10165
3546	10164
3546	10167
3546	10163
3549	10176
3549	10174
3549	10172
3549	330
3549	10175
3549	10173
3556	10188
3556	10191
3556	10189
3559	10194
3560	10196
3561	10208
3561	10204
3561	10210
3561	10202
3561	10203
3561	10213
3561	10199
3561	10212
3561	10209
3563	10216
3568	10224
3568	10227
3568	10225
3570	10230
3577	10239
3578	10241
3579	10243
3588	10253
3589	10263
3589	10257
3589	10264
3589	10256
3589	10261
3589	10262
3589	10258
3590	10267
3590	10272
3590	10270
3591	10277
3591	10275
3591	10278
3591	10276
3595	10285
3598	10290
3598	10289
3599	10293
3600	10296
3600	10294
3601	10299
3604	10303
3606	10306
3609	10312
3609	10311
3609	10314
3610	10317
3611	10321
3611	10322
3612	10324
3617	10329
3618	10332
3619	10340
3619	10343
3619	10339
3619	2676
3619	10336
3619	9776
3619	10337
3620	10345
3623	10351
3623	10353
3623	10350
3625	10355
3625	10357
3625	10358
3627	10362
3629	10366
3629	10365
3630	10369
3633	10372
3637	10379
3640	10382
3640	10385
3640	10387
3640	10383
3642	10392
3642	10393
3647	10398
3647	10406
3647	10403
3647	10405
3647	10400
3649	10409
3649	10408
3651	10416
3651	10413
3651	10419
3651	10421
3651	10417
3653	10424
3653	10423
3653	10427
3657	10431
3664	10439
3664	10440
3666	10444
3668	10447
3668	10450
3672	10454
3672	10461
3672	10458
3672	10457
3673	10463
3677	10467
3678	10472
3678	10473
3678	10470
3680	10477
3680	10488
3680	330
3680	10476
3680	10489
3680	10484
3680	10482
3680	10479
3680	10486
3680	10480
3682	10492
3682	10491
3684	10503
3684	10505
3684	10508
3684	10502
3684	10496
3684	10499
3684	10504
3685	10510
3687	10512
3687	10513
3687	10518
3687	10516
3687	10519
3687	10522
3687	10520
3687	10523
3687	10526
3689	10529
3690	10536
3690	10539
3690	10535
3690	10541
3690	10530
3690	10540
3690	10531
3691	10543
3692	10565
3692	10560
3692	10557
3692	10551
3692	10569
3692	10553
3692	10568
3692	10561
3692	10559
3692	10546
3692	10548
3692	10563
3692	10558
3692	10564
3692	10567
3694	10575
3694	10573
3694	10572
3697	10580
3698	10583
3700	10587
3703	10593
3703	10596
3703	10594
3703	10595
3705	10598
3712	10606
3713	10609
3715	10613
3716	10620
3716	10622
3716	10615
3716	10623
3716	10621
3716	10616
3725	10633
3726	10636
3728	10640
3728	10639
3731	10645
3731	10651
3731	10649
3731	10650
3731	10647
3732	10654
3732	10653
3732	10655
3732	10658
3734	10661
3737	10665
3745	10674
3750	10684
3750	10683
3751	10686
3752	10689
3756	10698
3756	10697
3756	10696
3761	10703
3767	10718
3767	10719
3767	10721
3767	10726
3767	3260
3767	10717
3767	10714
3767	10724
3767	10713
3767	10723
3768	10727
3770	10731
3772	10736
3772	10737
3776	10741
3777	10745
3788	10757
3789	10758
3791	10774
3791	6332
3791	10766
3791	10778
3791	10777
3791	10772
3791	10763
3791	10761
3791	10770
3791	10776
3791	10771
3795	10782
3799	10788
3806	10798
3806	10797
3806	10796
3817	10810
3818	10814
3820	10817
3820	10843
3820	10821
3820	10826
3820	10835
3820	10841
3820	10820
3820	10834
3820	10823
3820	10838
3820	10842
3820	10824
3820	10822
3820	10825
3820	10831
3820	10828
3821	10846
3821	10844
3821	10848
3822	10849
3823	10863
3823	10854
3823	10855
3823	10857
3823	10856
3823	10866
3823	10860
3823	10859
3823	10851
3823	10868
3823	10862
3825	10872
3826	10873
3828	10886
3828	10880
3828	10883
3828	10885
3828	10879
3828	10878
3831	10897
3831	10891
3831	10896
3831	10895
3831	10889
3832	10902
3832	10898
3832	10908
3832	10900
3832	10904
3832	10907
3832	10903
3833	10913
3833	10911
3833	10910
3834	10916
3835	10918
3835	10921
3835	10919
3839	10928
3839	10930
3839	10926
3840	10934
3841	10938
3841	10941
3841	10945
3841	10948
3841	10949
3841	10936
3841	10944
3841	10942
3841	10943
3844	10954
3845	10956
3849	10963
3852	10966
3853	10970
3856	10973
3858	10976
3865	10986
3867	10990
3877	11001
3879	11004
3881	11006
3882	11009
3883	11012
3883	11013
3884	11015
3884	11016
3885	11019
3887	11022
3888	11024
3891	11028
3893	11032
3893	11034
3893	11036
3897	11041
3899	11045
3899	11044
3902	11050
3904	11053
3907	11060
3907	11057
3907	11061
3911	11065
3913	11069
3915	11074
3915	11078
3915	11073
3915	11072
3916	11081
3930	11096
3934	11102
3937	11106
3939	11111
3939	11110
3939	11109
3939	11116
3939	11113
3939	11118
3939	11121
3939	11117
3939	11115
3941	11142
3941	11140
3941	11131
3941	11138
3941	11129
3941	11127
3941	11125
3941	11136
3941	11126
3941	11133
3941	11135
3944	11145
3945	11147
3945	11151
3945	11150
3946	11153
3948	11156
3951	11161
3952	11166
3952	11162
3952	11164
3952	11165
3960	11177
3962	11185
3962	11186
3962	11190
3962	11180
3962	11179
3962	11188
3962	11183
3964	11196
3964	11197
3964	11194
3964	11193
3966	11201
3969	11208
3969	11212
3969	11209
3969	11211
3969	11213
3970	11228
3970	11229
3970	11218
3970	11225
3970	9067
3970	11220
3970	11215
3970	11219
3970	11223
3972	11231
3972	11232
3972	11233
3974	11237
3981	11249
3981	11244
3981	11248
3982	11250
3984	11257
3984	11253
3984	11254
3984	11259
3987	11263
3988	11265
3989	11267
3990	11269
3991	11272
3991	11271
3992	11279
3992	11276
3992	11275
3993	11280
3994	11287
3994	11282
3994	11288
3994	11284
3998	11292
4001	11297
4004	11319
4004	11309
4004	11312
4004	11320
4004	11313
4004	11316
4004	8850
4004	11318
4004	11304
4004	11301
4004	11303
4004	11307
4006	11328
4006	11322
4006	11330
4006	11326
4006	11323
4006	11331
4008	11334
4015	11341
4018	11346
4024	11352
4025	11354
4027	11359
4027	11361
4027	11357
4029	11368
4029	11366
4029	9469
4029	11367
4030	11370
4032	11372
4038	11383
4038	11382
4038	11384
4040	11386
4041	11396
4041	11389
4041	11388
4041	11406
4041	11395
4041	11401
4041	11407
4041	11404
4041	11394
4041	11398
4041	11397
4041	11400
4049	11417
4049	11419
4051	11421
4057	11431
4057	11430
4057	11433
4057	11429
4057	11436
4057	11432
4062	11443
4062	11446
4069	11455
4070	11458
4077	11467
4078	11470
4078	11472
4078	11469
4083	11481
4083	11478
4083	11482
4083	11483
4083	11485
4084	11492
4084	11503
4084	11498
4084	11487
4084	11490
4084	11499
4084	11494
4084	11486
4084	11489
4084	11500
4085	11505
4087	11507
4088	11515
4088	9084
4088	11524
4088	11513
4088	11519
4088	11517
4088	11514
4088	11520
4088	11522
4088	11510
4093	11532
4093	11529
4097	11537
4102	11544
4103	11546
4106	11554
4106	11549
4106	11553
4106	11557
4106	11552
4106	11556
4106	11559
4115	11582
4115	11569
4115	11578
4115	11576
4115	11580
4115	11573
4115	11572
4115	5915
4115	11574
4116	11589
4116	11584
4116	11590
4116	11586
4117	11593
4121	11598
4123	11601
4125	11622
4125	11614
4125	11649
4125	11651
4125	11608
4125	11618
4125	11628
4125	11615
4125	6078
4125	11621
4125	11654
4125	11645
4125	11638
4125	11633
4125	11624
4125	11653
4125	11636
4125	11625
4125	11655
4125	11604
4125	11627
4125	11631
4125	11617
4125	11603
4125	11605
4125	11626
4125	11616
4125	11611
4125	11637
4125	11648
4125	11643
4125	11641
4137	11667
4146	11677
4149	11682
4152	11685
4154	11688
4155	11695
4155	11694
4155	11691
4163	11704
4166	11708
4166	11709
4168	11728
4168	11718
4168	11714
4168	11726
4168	11716
4168	11736
4168	11737
4168	11723
4168	11724
4168	11735
4168	11720
4168	11721
4168	11732
4168	11738
4168	11715
4168	11740
4168	11727
4169	11743
4169	11741
4172	11747
4185	11772
4185	11765
4185	11770
4185	11764
4185	11774
4185	11775
4185	11762
4185	11767
4185	11761
4190	11782
4199	11793
4202	11797
4203	11798
4212	11810
4214	11812
4216	11818
4216	11816
4216	11817
4217	11819
4219	11825
4219	11823
4222	11828
4226	11836
4226	11837
4226	11835
4231	11842
4237	11851
4240	11856
4250	11867
4252	11869
4257	11877
4257	11887
4257	11886
4257	11875
4257	4115
4257	11890
4257	11882
4257	11876
4257	11878
4257	11889
4257	11883
4257	11893
4259	11896
4272	11909
4276	11961
4276	11936
4276	11916
4276	11970
4276	11950
4276	11951
4276	11934
4276	11956
4276	11945
4276	11963
4276	11938
4276	11969
4276	11983
4276	11925
4276	11976
4276	11915
4276	11930
4276	11941
4276	11947
4276	11978
4276	11926
4276	11919
4276	11982
4276	11918
4276	11929
4276	11962
4276	11971
4276	11957
4276	11937
4276	11954
4276	11968
4276	11953
4276	11965
4276	11939
4276	11966
4276	935
4276	11927
4276	11924
4276	11949
4276	11975
4276	11974
4276	11967
4293	12003
4293	12002
4293	12005
4293	12007
4293	12000
4293	12009
4297	12013
4300	12019
4301	12020
4304	12028
4304	12037
4304	12031
4304	12025
4304	12038
4304	12032
4304	12026
4304	12030
4304	12039
4308	12043
4309	12053
4309	12046
4309	12050
4309	12051
4311	12067
4311	12064
4311	12062
4311	12059
4311	12061
4311	12058
4311	12068
4311	12055
4314	12071
4317	12077
4320	12080
4321	12085
4321	12082
4321	12086
4322	12087
4326	12094
4327	12096
4333	12103
4334	12107
4334	12104
4336	12109
4343	12119
4343	12121
4343	12123
4343	12124
4344	12127
4344	12125
4344	12128
4345	12131
4347	12133
4349	12137
4349	12138
4350	12140
4351	12143
4352	12146
4353	12148
4355	12152
4355	12153
4360	12160
4361	12162
4366	12169
4370	12173
4371	12177
4374	12181
4380	12189
4383	12195
4383	12194
4383	12197
4384	12198
4385	12203
4385	12214
4385	12213
4385	12206
4385	12200
4385	12212
4385	12210
4385	12216
4385	12218
4385	12215
4385	12202
4386	12224
4386	12228
4386	12233
4386	12222
4386	12226
4386	12229
4386	12225
4386	12223
4386	12231
4387	12234
4402	12252
4405	12255
4407	12260
4410	12264
4410	12267
4410	12265
4413	12271
4413	12272
4415	12277
4417	12282
4417	12284
4417	12279
4421	12289
4424	12294
4428	12299
4431	7739
4436	12307
4444	12317
4445	12318
4446	12321
4446	12323
4447	12343
4447	12345
4447	12330
4447	12326
4447	12341
4447	12325
4447	12342
4447	12328
4447	12338
4447	12339
4447	12335
4447	12329
4447	12332
4448	12348
4448	12350
4448	12351
4452	12356
4453	12357
4455	12360
4456	12363
4457	12369
4457	12365
4457	9656
4457	12367
4458	12371
4462	12377
4464	12384
4464	12383
4464	12386
4464	12385
4464	12380
4464	12390
4466	12392
4467	12394
4470	12401
4470	12398
4470	12399
4471	12404
4476	12415
4476	12410
4476	12409
4476	12411
4476	12417
4477	12427
4477	12422
4477	12423
4477	12421
4477	12419
4477	12424
4478	12428
4479	12430
4480	12432
4481	12437
4481	12435
4481	6871
4481	12436
4481	12440
4481	12444
4481	12443
4488	12452
4488	12454
4488	12456
4488	12453
4492	12461
4494	12466
4495	12468
4495	12477
4495	12478
4495	12470
4495	12475
4495	12467
4495	12473
4495	12480
4496	12483
4497	12485
4498	12489
4501	12493
4507	12501
4507	12499
4507	12503
4507	1661
4507	12504
4507	12506
4507	12502
4508	12512
4508	12510
4509	12518
4509	12514
4509	12517
4512	12522
4513	12525
4516	12535
4516	12532
4516	12529
4516	12528
4516	12536
4516	12531
4519	12541
4519	12542
4519	12544
4519	12547
4521	12554
4521	12549
4521	12552
4522	12556
4522	12557
4522	12560
4527	12566
4528	12567
4530	12572
4530	12575
4530	12570
4531	12577
4532	12579
4539	12586
4540	12589
4540	12588
4540	12592
4542	12603
4542	12611
4542	12602
4542	12615
4542	12601
4542	12599
4542	12609
4542	12605
4542	12610
4542	12607
4542	12608
4542	12616
4542	12597
4550	12625
4555	12630
4555	12634
4555	12631
4556	12637
4559	12641
4560	12643
4561	12645
4561	12647
4565	12652
4566	12655
4567	12658
4572	12663
4573	12665
4577	12670
4577	12674
4577	12671
4578	12688
4578	12687
4578	12678
4578	12683
4578	12696
4578	12682
4578	12686
4578	12693
4578	12679
4578	12684
4578	12694
4578	12680
4578	12685
4579	12702
4579	12697
4579	12701
4581	12709
4581	12705
4581	12707
4584	12716
4584	12712
4584	12713
4586	12719
4588	12722
4590	12724
4590	12725
4590	12732
4590	12729
4590	12733
4590	12734
4591	12736
4592	12744
4592	12738
4592	12747
4592	12743
4592	12746
4592	12748
4592	12742
4594	12750
4596	12754
4598	12757
4599	12770
4599	12763
4599	12765
4599	12764
4599	12774
4599	12758
4599	12761
4599	12766
4599	12773
4599	12771
4601	12776
4603	12779
4606	12784
4606	12783
4606	12789
4606	12787
4609	12793
4610	12798
4610	12800
4610	12801
4610	12795
4614	12805
4618	12810
4623	12819
4623	12822
4623	12818
4623	12816
4633	12836
4633	12835
4633	12834
4634	12838
4636	12840
4637	12842
4638	12845
4638	12848
4638	12846
4639	12854
4639	12850
4639	12849
4640	12855
4643	12859
4644	12862
4646	12864
4646	12878
4646	12880
4646	12874
4646	12866
4646	12875
4646	12870
4646	12882
4646	12877
4646	12865
4646	12868
4648	12885
4649	12887
4652	12891
4653	12893
4655	12897
4656	12900
4657	12901
4658	12903
4663	12910
4665	12912
4666	12915
4672	12924
4672	12922
4673	12926
4674	12927
4676	12930
4679	12938
4679	12936
4679	12935
4681	12957
4681	12962
4681	12947
4681	12959
4681	12943
4681	12946
4681	12942
4681	12951
4681	12961
4681	12955
4681	12958
4681	12956
4681	12953
4684	12966
4688	12973
4688	12970
4689	12974
4690	12976
4693	12982
4693	12981
4696	12999
4696	12987
4696	13001
4696	12992
4696	12990
4696	12998
4696	12993
4696	12988
4696	12996
4699	13008
4699	13007
4699	13009
4699	13011
4703	13016
4704	13017
4704	13019
4706	13022
4707	13025
4707	13029
4707	13030
4707	13027
4715	13038
4716	13042
4717	13044
4719	13046
4724	13054
4725	13057
4726	13060
4726	13059
4727	13065
4727	13062
4728	13067
4731	13070
4732	13073
4735	13077
4738	13082
4738	13084
4739	13086
4741	13088
4743	13092
4747	13100
4747	13097
4747	13098
4749	13106
4749	13105
4749	13104
4750	13109
4750	13110
4752	13116
4752	13115
4752	13112
4753	13117
4754	13120
4756	13124
4756	13125
4758	13128
4762	13136
4762	13132
4762	13133
4763	13137
4763	13139
4764	13143
4764	13145
4764	13144
4767	13148
4770	13165
4770	13163
4770	13157
4770	13164
4770	13161
4770	13169
4770	13162
4770	13155
4770	13152
4770	13170
4770	13168
4770	13159
4773	13179
4773	13182
4773	13175
4773	13177
4773	13185
4773	13176
4773	13184
4778	13191
4779	13194
4780	13197
4783	13200
4783	13201
4784	13205
4784	13209
4784	13208
4784	13204
4784	13210
4785	13214
4788	13218
4789	13222
4789	13220
4789	13219
4790	13229
4790	13230
4790	13225
4790	13233
4790	13234
4790	13228
4792	13238
4793	13241
4794	13243
4794	13245
4794	13246
4797	13251
4798	13253
4800	13257
4801	13290
4801	13271
4801	13261
4801	13289
4801	13258
4801	13279
4801	13287
4801	13269
4801	13274
4801	13266
4801	13267
4801	13270
4801	13275
4801	13280
4801	13281
4801	13268
4801	13272
4801	13284
4801	13259
4801	13282
4801	13273
4804	13297
4804	13294
4807	13300
4808	13302
4812	13310
4812	13308
4814	13314
4815	13320
4815	13339
4815	13319
4815	13340
4815	13342
4815	13323
4815	13336
4815	13329
4815	13325
4815	13335
4815	13331
4815	13330
4815	13317
4815	13332
4815	13334
4815	13321
4816	13343
4818	13346
4820	13351
4822	13359
4822	13362
4822	13355
4822	13360
4822	13369
4822	13368
4822	13367
4822	13371
4822	13358
4822	13363
4822	13366
4822	13372
4822	13378
4822	13373
4822	13357
4822	13354
4823	13380
4825	13383
4828	10725
4828	13396
4828	13394
4828	13405
4828	13393
4828	13408
4828	13388
4828	13404
4828	13401
4828	13390
4828	13402
4828	6618
4828	13406
4828	13410
4828	13395
4829	13412
4830	13415
4830	13417
4830	13423
4830	13424
4830	13418
4830	13426
4830	13422
4831	13428
4833	13447
4833	13431
4833	13442
4833	13437
4833	13434
4833	13445
4833	13452
4833	13435
4833	13436
4833	13449
4833	13433
4833	13446
4833	13450
4835	13454
4840	13461
4840	13464
4841	13468
4841	13466
4841	13469
4841	13366
4841	13467
4844	13476
4848	13481
4851	13485
4854	13489
4857	13495
4857	13493
4857	13497
4857	13500
4857	13496
4859	13502
4860	13505
4860	13513
4860	13509
4860	13510
4860	13508
4860	13512
4866	13534
4866	13526
4866	13536
4866	13538
4866	13527
4866	13530
4866	13525
4866	13537
4866	13524
4866	13522
4866	13519
4866	13532
4867	13539
4867	13540
4867	13541
4867	13545
4868	13548
4868	13549
4868	13551
4868	13552
4874	13559
4874	13562
4878	13566
4883	13573
4886	13577
4888	13581
4890	13584
4894	13589
4894	13593
4894	13588
4897	13596
4897	13600
4897	13599
4898	13604
4901	13608
4902	13609
4905	13614
4910	13619
4913	13623
4914	13626
4917	13630
4917	13631
4920	13635
4925	13643
4927	13646
4932	13657
4932	13652
4932	13653
4932	13656
4932	13659
4933	13660
4933	13668
4933	13671
4933	13664
4933	13672
4933	13669
4933	13662
4933	13666
4936	13677
4936	13676
4936	13682
4936	13683
4936	13678
4938	13685
4939	13688
4945	13698
4946	13699
4949	13712
4949	13707
4949	13710
4949	13720
4949	13718
4949	13715
4949	13708
4949	13716
4949	13706
4949	13721
4949	13723
4949	13704
4949	13711
4949	13728
4949	13726
4950	13736
4950	13730
4950	13732
4950	13734
4950	13731
4950	13739
4950	13741
4953	13745
4956	13748
4956	13751
4956	13752
4957	13760
4957	13759
4957	13756
4957	13755
4959	13763
4959	13765
4960	13768
4961	13771
4961	13773
4963	13775
4964	13778
4966	13781
4978	13796
4978	13793
4978	13794
4978	13799
4979	13800
4982	13806
4989	13814
4991	13816
4993	13821
4993	13823
4994	13824
5000	13833
5001	13837
5001	13836
5007	13844
5007	13845
5007	13849
5010	13855
5010	13859
5010	13852
5010	13857
5010	13858
5014	13866
5018	13870
5018	13873
5022	13877
5023	13879
5024	13881
5025	13884
5033	13894
5033	13895
5033	13893
5033	13899
5036	13904
5036	13905
5037	13906
5041	13911
5043	13915
5045	13920
5045	13928
5045	13927
5045	13925
5045	13922
5045	13921
5046	13932
5048	13937
5048	13936
5049	13942
5049	13940
5049	13938
5052	13950
5052	13951
5052	13952
5052	13947
5053	13958
5053	13968
5053	13967
5053	13954
5053	13959
5053	13969
5053	13961
5053	13963
5053	13965
5053	13966
5059	13976
5059	13978
5060	13980
5062	13984
5062	13985
5062	13989
5062	13993
5062	13990
5062	13982
5062	13986
5063	13997
5063	13996
5063	13994
5064	14000
5064	14003
5064	14004
5068	14008
5069	14010
5069	14012
5069	14014
5070	14015
5073	14028
5073	14031
5073	14020
5073	14022
5073	14024
5073	14026
5073	14029
5073	14032
5073	14033
5076	14036
5076	14037
5078	14041
5080	14044
5081	14046
5082	14050
5083	14051
5083	14053
5083	14056
5083	14054
5084	14060
5085	14062
5086	14065
5086	14068
5086	14072
5086	14073
5086	14066
5086	14070
5088	14076
5089	14085
5089	14079
5089	14087
5089	14090
5089	14089
5089	14083
5089	14084
5089	14080
5090	14094
5090	14093
5091	14096
5095	14106
5095	14104
5095	14100
5095	14105
5096	14111
5096	14110
5096	14109
5099	14115
5099	14130
5099	14126
5099	14137
5099	14132
5099	14123
5099	14125
5099	14120
5099	14117
5099	14119
5099	14118
5099	14127
5099	14133
5101	14141
5101	14140
5102	14145
5108	14151
5110	14155
5112	14162
5112	14158
5112	14159
5113	14165
5116	14168
5117	14171
5117	14170
5118	14175
5124	14183
5125	14187
5125	14186
5125	14184
5127	14190
5131	14194
5136	14201
5137	14203
5138	14205
5139	14207
5141	14211
5142	14215
5142	14214
5145	14220
5145	14221
5151	14228
5155	14234
5155	14236
5155	14233
5155	14239
5156	14240
5156	14241
5157	14245
5165	14253
5166	14257
5169	14261
5171	14264
5171	14267
5171	14263
5171	14270
5171	14266
5172	14277
5172	14273
5172	14274
5172	13536
5172	14276
5174	14282
5175	14286
5175	14285
5177	14289
5180	14293
5182	14297
5182	14299
5182	14296
5183	14304
5183	14303
5184	14305
5184	14307
5188	14312
5192	14319
5197	14324
5204	14333
5204	14334
5204	14335
5207	14342
5207	14344
5207	14339
5208	14346
5209	14347
5216	14356
5218	14359
5219	14361
5220	14363
5221	14368
5221	14370
5221	14371
5221	14365
5222	14374
5222	14372
5224	14377
5225	14379
5227	14382
5229	14385
5232	14395
5232	14396
5232	14389
5232	14397
5232	11059
5232	14391
5233	14400
5233	14401
5235	14407
5235	14406
5236	14408
5238	14411
5239	14414
5240	14417
5241	14422
5241	14418
5241	14423
5241	14421
5248	14433
5249	14440
5249	14441
5249	14436
5249	14438
5249	14442
5249	14444
5250	14446
5250	14448
5250	14445
5251	14451
5254	14454
5255	14461
5255	14458
5255	14462
5259	14467
5260	14468
5263	14475
5263	14474
5264	14482
5264	14487
5264	14481
5264	14478
5264	14476
5264	14484
5264	14479
5266	14489
5266	14375
5266	14490
5268	14495
5270	14500
5272	14502
5274	14505
5275	14512
5275	14511
5275	14510
5276	14527
5276	14513
5276	14528
5276	14515
5276	14523
5276	14526
5276	14516
5276	14518
5276	14529
5276	14520
5277	14534
5277	14531
5277	14535
5278	14540
5278	14539
5278	14537
5280	14543
5280	14547
5280	14546
5281	14548
5282	14551
5282	14552
5287	14561
5287	14560
5288	14565
5288	14562
5288	14563
5288	14566
5290	14570
5293	14576
5295	14580
5295	14581
5299	14592
5299	14595
5299	14588
5299	14590
5299	14587
5299	14594
5299	14591
5301	14605
5301	14600
5301	14603
5301	14601
5301	14598
5303	14607
5303	14609
5304	14614
5304	14612
5304	14613
5311	14640
5311	14636
5311	14644
5311	14634
5311	14630
5311	14638
5311	14631
5311	14633
5311	14629
5311	14643
5311	14625
5311	14645
5311	14637
5311	14635
5316	14652
5316	14654
5316	14653
5318	14658
5321	14668
5321	14671
5321	14663
5321	14664
5321	14662
5321	330
5321	14665
5323	14673
5323	14674
5326	14680
5328	14682
5328	14685
5328	14691
5328	14696
5328	14688
5328	14686
5328	14695
5328	14690
5328	14689
5329	14697
5330	14704
5330	14703
5330	14701
5331	14705
5332	14744
5332	14732
5332	14719
5332	14710
5332	14722
5332	14731
5332	14721
5332	14742
5332	14728
5332	14713
5332	14740
5332	14720
5332	14730
5332	14738
5332	14707
5332	14711
5332	14709
5332	14726
5332	14748
5332	14714
5332	14734
5332	14717
5332	14737
5332	14749
5332	14733
5334	14752
5341	14760
5342	14762
5343	14766
5343	14763
5354	14780
5354	14779
5356	14782
5358	14791
5358	14786
5358	14801
5358	14785
5358	14792
5358	12821
5358	14794
5358	14789
5358	14793
5358	14807
5358	14802
5358	14806
5358	14797
5358	14798
5360	14809
5362	14812
5363	14814
5366	14819
5366	14826
5366	14830
5366	14840
5366	14818
5366	14837
5366	14839
5366	14824
5366	14831
5366	14828
5366	14841
5366	14834
5366	14821
5366	14825
5370	14846
5371	14847
5373	14850
5375	14856
5375	14855
5375	14854
5380	14863
5381	14867
5381	14866
5384	14871
5385	14874
5385	14875
5385	14878
5385	14880
5385	14873
5386	14884
5386	14893
5386	14886
5386	14891
5386	14896
5386	14890
5386	14889
5386	14887
5386	14882
5393	14903
5393	14925
5393	14926
5393	14932
5393	14909
5393	14915
5393	14908
5393	14913
5393	14921
5393	14911
5393	14920
5393	14904
5393	14923
5393	14927
5393	14933
5393	14924
5393	14919
5393	14931
5394	14938
5394	14935
5394	14936
5396	14951
5396	14941
5396	14945
5396	14948
5396	14950
5396	14944
5396	14942
5400	14958
5400	14960
5400	14956
5402	14965
5402	14963
5403	14967
5404	14969
5404	14425
5407	14975
5410	14979
5411	14986
5411	14984
5411	14982
5411	14985
5411	14987
5412	14995
5412	14992
5412	14990
5412	14999
5412	14991
5412	14989
5412	15003
5412	14998
5412	14997
5412	15001
5414	15010
5414	15009
5421	15019
5423	15024
5423	15023
5423	15032
5423	15029
5423	15031
5423	15022
5423	15025
5425	15034
5425	15037
5427	15040
5427	15039
5427	15043
5429	15046
5432	15055
5432	15057
5432	15058
5432	15054
5432	15056
5432	15052
5436	15066
5436	15072
5436	15065
5436	15064
5436	15063
5436	15062
5438	15075
5440	15078
5442	15080
5446	15087
5447	15089
5447	15093
5447	15097
5447	15098
5447	15090
5447	15091
5448	15100
5449	15108
5449	15111
5449	15106
5449	15107
5449	15102
5449	15114
5449	15110
5449	15112
5451	15117
5452	15122
5452	15119
5452	15118
5454	15124
5456	15128
5457	15148
5457	115
5457	15165
5457	15142
5457	15137
5457	15138
5457	15150
5457	15135
5457	15136
5457	15155
5457	15153
5457	15151
5457	15149
5457	15134
5457	15143
5457	15162
5457	15161
5457	15157
5457	15158
5457	15144
5457	15132
5457	15140
5462	15170
5465	15174
5466	15177
5467	15181
5467	15179
5469	15191
5469	15185
5469	15189
5469	15187
5469	15184
5469	15193
5471	15196
5472	15197
5474	15204
5474	15203
5474	15207
5474	15202
5474	15205
5480	15215
5481	15221
5481	15218
5482	15223
5483	15224
5483	15226
5483	15225
5487	15239
5487	15237
5487	15240
5487	15238
5487	15232
5489	15242
5490	15246
5491	15256
5491	15253
5491	15249
5491	15255
5491	15247
5491	15254
5492	15260
5492	15258
5492	15266
5492	15259
5492	15257
5492	15268
5492	15265
5492	15270
5493	15272
5501	15281
5502	15283
5505	15287
5510	15294
5516	15301
5517	15304
5518	15308
5519	15324
5519	15321
5519	15320
5519	15311
5519	15312
5519	15316
5519	15322
5519	15314
5519	15315
5520	15327
5521	15334
5521	15331
5521	15332
5521	15329
5525	15340
5529	15344
5533	15350
5535	15360
5535	15361
5535	15352
5535	15353
5535	15354
5535	15355
5538	15365
5538	15371
5538	15392
5538	15390
5538	15398
5538	15368
5538	15375
5538	15395
5538	15379
5538	15364
5538	15400
5538	15376
5538	15391
5538	15369
5538	15380
5538	15403
5538	15377
5538	15394
5538	15385
5538	15374
5538	15381
5538	15366
5538	15367
5538	15370
5538	15393
5542	15416
5542	15418
5542	15409
5542	15410
5542	15411
5542	15412
5543	15419
5544	15422
5549	15427
5549	15428
5553	15435
5554	15437
5554	15441
5554	15442
5554	15440
5556	15448
5556	15450
5556	15449
5556	15444
5556	15447
5556	15452
5557	15454
5561	15459
5564	15465
5565	15466
5567	15470
5568	15474
5568	15475
5569	15480
5569	15479
5570	15484
5570	15483
5572	15487
5573	15488
5575	15495
5575	15492
5575	15496
5575	15491
5577	15499
5579	15508
5579	15504
5579	15505
5579	15511
5579	15503
5579	15502
5579	15510
5584	15519
5584	15521
5584	15522
5589	15529
5590	15532
5592	15535
5593	15536
5593	15543
5593	15539
5593	15541
5594	15546
5594	15544
5595	15549
5597	15551
5597	15553
5599	15558
5601	15562
5601	15564
5601	15565
5602	15566
5603	15572
5603	15568
5603	15573
5603	15569
5603	15570
5604	15577
5604	15586
5604	15583
5604	15588
5604	15579
5604	15578
5604	15582
5606	15591
5613	15600
5614	15601
5615	15604
5617	15607
5619	15618
5619	15614
5619	15612
5619	15622
5619	15620
5619	15610
5619	15621
5620	12821
5620	15624
5620	15641
5620	15637
5620	15634
5620	15635
5620	15644
5620	15625
5620	15623
5620	15640
5620	15632
5620	15645
5620	15630
5620	15633
5620	15629
5625	15654
5625	15657
5625	15651
5625	15655
5628	15661
5629	15668
5629	15664
5629	15665
5629	15666
5630	15669
5634	15676
5635	15691
5635	15709
5635	15696
5635	15700
5635	15699
5635	15687
5635	15697
5635	15695
5635	15679
5635	15683
5635	15708
5635	15698
5635	15706
5635	15682
5635	15692
5635	15690
5635	15703
5635	15694
5635	15688
5636	15711
5642	15719
5642	15725
5642	15728
5642	15718
5642	15727
5642	15722
5643	15729
5644	15732
5646	15735
5649	15740
5649	15742
5649	15745
5649	15744
5652	15756
5652	15748
5652	15755
5652	15749
5652	15754
5652	15750
5652	15757
5653	15761
5653	15774
5653	15768
5653	15763
5653	15776
5653	15773
5653	15777
5653	15766
5653	15775
5653	15770
5656	15781
5661	15787
5662	15789
5663	15794
5663	15791
5666	15798
5667	15799
5674	15809
5674	15818
5674	15816
5674	15819
5674	15813
5674	15814
5674	15815
5674	15812
5674	15821
5674	15817
5676	15833
5676	15829
5676	15832
5676	15831
5681	15845
5681	15850
5681	15838
5681	15849
5681	15843
5681	15847
5681	15846
5682	15851
5682	15852
5685	15858
5688	15887
5688	15872
5688	15888
5688	15874
5688	15890
5688	15892
5688	15863
5688	15878
5688	15864
5688	15891
5688	15884
5688	15875
5688	15873
5688	15870
5688	15877
5688	15876
5688	15879
5688	15862
5691	15895
5697	15903
5698	15904
5700	15907
5705	15913
5706	15917
5708	15919
5713	15925
5714	15929
5715	15930
5716	15934
5716	15935
5717	15938
5719	15941
5721	15943
5722	15952
5722	15953
5722	15948
5722	15946
5722	15947
5722	15945
5723	15955
5730	15963
5732	15974
5732	15972
5732	15969
5732	15971
5732	15970
5733	15985
5733	15980
5733	15983
5733	15982
5733	15979
5733	15977
5733	15978
5734	15987
5735	15991
5736	15997
5736	15992
5736	16000
5736	15994
5736	15993
5736	16002
5738	16004
5741	16009
5743	16012
5743	16014
5743	16015
5746	16019
5746	16021
5747	16025
5747	16026
5748	16027
5749	16031
5756	16040
5757	16042
5758	16043
5760	16047
5761	16049
5762	16055
5762	16051
5762	16052
5766	16063
5766	16062
5766	16061
5768	16068
5768	16066
5768	16065
5769	16071
5770	16072
5772	16075
5772	16077
5775	16081
5775	16082
5778	16087
5781	16094
5781	16093
5783	16097
5784	16099
5784	16103
5784	16100
5785	16104
5786	16109
5786	16106
5786	16107
5787	16114
5787	16116
5787	16115
5791	16121
5794	16126
5794	16128
5794	16125
5797	16133
5804	16141
5810	16151
5810	16148
5810	16153
5811	16167
5811	16168
5811	16164
5811	16170
5811	16166
5811	16158
5811	16159
5811	16169
5811	16165
5811	16157
5820	16179
5820	16181
5823	16186
5824	16195
5824	16197
5824	16201
5824	16190
5824	16194
5824	16202
5824	16198
5824	16200
5824	16203
5824	16188
5825	16205
5830	16211
5830	16219
5830	16218
5830	16212
5830	16213
5830	16221
5830	16230
5830	16217
5830	16215
5830	16224
5830	16228
5830	16216
5830	16210
5830	16229
5836	16239
5837	16243
5839	16248
5839	16245
5839	16247
5839	16246
5840	16259
5840	16257
5840	16255
5840	16256
5840	16261
5840	16260
5843	16264
5845	16267
5851	16275
5853	16278
5856	16283
5859	16288
5860	16290
5863	4583
5864	16294
5868	16299
5869	16301
5870	16307
5870	16303
5870	16304
5871	16309
5871	16311
5871	16314
5871	16319
5871	16312
5871	16308
5871	16318
5873	16325
5873	16323
5873	16322
5873	16326
5874	16329
5874	16330
5874	16333
5877	16337
5879	16360
5879	16353
5879	16351
5879	16340
5879	16356
5879	16342
5879	16345
5879	16341
5879	16355
5879	16359
5879	16357
5879	16361
5879	16347
5879	16350
5884	16368
5885	16372
5885	16371
5887	16377
5888	16379
5888	16378
5888	16383
5888	16380
5889	16389
5889	16388
5890	16390
5891	16393
5897	16399
5900	16404
5901	16407
5902	16409
5905	16415
5905	16413
5907	16419
5907	16420
5907	16418
5910	16426
5911	16429
5914	16432
5915	16434
5916	16437
5917	16439
5919	16442
5921	16444
5921	16445
5922	16453
5922	16451
5922	16450
5924	16456
5926	16463
5926	16461
5926	16460
5926	16459
5937	16476
5937	16478
5947	16511
5947	16498
5947	16489
5947	16506
5947	16500
5947	16499
5947	16501
5947	16493
5947	16496
5947	16507
5947	16508
5947	16497
5947	16502
5947	16512
5948	15043
5948	16514
5948	16516
5948	16513
5948	16518
5949	16522
5953	16527
5955	16538
5955	16542
5955	16539
5955	16533
5955	16546
5955	16532
5955	16541
5955	16531
5955	16544
5956	16547
5957	16550
5962	16557
5963	16559
5965	16565
5968	16570
5970	16573
5970	16574
5971	16589
5971	16586
5971	16588
5971	16583
5971	16584
5971	16585
5971	16580
5971	16577
5971	16587
5975	16595
5976	16596
5977	16603
5977	16598
5977	16600
5984	16610
5986	16614
5987	16617
5988	16620
5990	16626
5990	16623
5990	16625
5994	16631
5995	16633
5995	16646
5995	16647
5995	16645
5995	16643
5995	16648
5995	16634
5995	16642
5995	16637
5995	16639
5996	16651
5997	16656
5997	16654
5999	16660
6000	16664
6000	16661
6000	16663
6001	16670
6001	16672
6001	16671
6001	16669
6002	16674
6005	16678
6005	16681
6006	16682
6009	16686
6012	13536
6012	16693
6012	16694
6015	16699
6015	16697
6015	16705
6015	16701
6015	16702
6023	16713
6024	16715
6036	16728
6039	16735
6039	16736
6039	16737
